1000 10000
582 713
846 882
547 802
320 652
217 820
128 259
423 884
48 618
51 445
478 487
694 721
316 559
320 855
380 422
19 200
406 536
208 767
482 498
164 602
494 533
27 194
191 607
86 355
144 934
695 991
184 487
259 503
443 626
351 773
98 273
545 611
602 628
576 839
193 393
835 998
585 927
568 683
774 851
524 878
83 422
675 746
172 607
163 478
537 717
5 859
451 475
801 916
269 726
71 718
278 876
542 745
12 184
125 257
698 939
127 759
266 831
28 946
729 811
457 936
689 803
396 573
552 699
368 792
862 920
559 920
873 932
358 747
147 494
864 876
828 911
215 967
128 449
204 340
828 894
595 605
355 704
301 666
79 253
790 949
367 873
8 646
824 987
730 943
142 849
381 541
310 539
11 885
651 765
5 447
454 950
225 233
129 399
373 533
82 813
105 724
215 523
4 951
518 766
676 893
191 482
126 857
252 524
773 964
26 635
318 965
378 396
422 809
71 217
205 695
174 802
452 858
17 37
347 974
97 791
528 695
265 983
217 494
684 810
398 708
776 892
166 608
140 806
460 901
598 615
35 295
754 865
50 792
527 734
162 702
145 888
625 660
2 983
131 745
560 981
119 922
763 770
490 994
140 873
71 835
572 868
121 582
234 239
399 605
497 535
578 792
707 986
29 720
379 535
146 908
612 623
518 646
300 389
764 930
11 250
30 42
52 486
234 385
253 419
457 678
737 916
10 62
393 910
51 678
198 971
548 562
381 479
38 608
60 936
367 796
259 400
138 858
730 784
18 500
96 704
269 993
894 918
676 876
475 548
39 539
414 577
184 210
419 941
522 774
744 906
851 942
269 487
91 531
702 740
42 163
722 833
523 688
630 816
113 382
386 692
355 539
80 385
83 546
49 982
268 688
74 355
274 353
396 926
614 873
45 546
100 723
362 422
307 475
736 743
53 707
594 765
442 638
23 47
649 964
210 754
190 548
304 627
202 861
53 884
19 700
416 751
22 237
95 489
218 932
58 561
671 673
304 337
524 901
732 800
297 749
118 599
202 594
598 988
105 369
332 628
388 678
124 758
275 748
573 771
759 940
20 24
573 884
264 714
946 986
393 938
530 669
696 717
162 249
118 856
328 753
55 614
91 153
547 662
128 312
315 954
350 541
207 956
748 752
542 741
372 697
142 777
130 849
423 800
173 909
459 567
32 435
604 739
276 710
65 189
229 610
14 118
454 777
311 688
259 269
418 587
852 916
321 964
393 503
251 263
164 438
19 397
499 769
649 774
812 822
62 301
65 479
28 197
507 622
93 489
852 874
508 928
714 887
252 794
861 996
93 282
670 846
515 907
53 840
537 583
519 947
27 805
176 729
527 624
240 720
667 885
524 986
124 854
62 867
81 621
278 833
103 212
474 564
36 275
2 927
59 82
79 159
137 956
70 286
131 590
278 675
7 35
380 797
91 338
163 865
607 890
340 686
133 601
229 480
181 333
457 749
48 446
466 613
530 878
103 664
397 805
275 377
424 861
21 357
573 920
281 520
158 198
541 975
39 65
246 527
262 800
838 901
91 798
574 857
243 587
912 976
161 332
60 694
151 617
418 838
601 974
639 770
51 301
786 840
234 925
74 630
41 263
424 665
601 895
244 681
5 373
579 912
709 993
296 629
108 488
92 997
312 669
403 582
813 835
649 802
632 998
687 990
302 312
628 838
365 616
403 951
558 617
451 815
75 991
111 761
60 105
745 823
602 996
89 719
698 743
770 824
383 405
421 648
631 659
163 449
537 716
151 352
227 966
447 537
175 622
412 844
110 829
519 693
137 847
373 417
266 941
139 169
221 617
318 582
194 667
323 805
551 757
426 550
10 313
376 857
769 797
318 763
31 274
785 810
509 884
37 909
266 481
486 599
350 699
167 931
133 863
601 671
29 926
341 924
397 986
310 617
138 414
388 803
65 938
372 722
109 481
401 424
405 764
686 871
212 542
444 884
38 182
609 874
259 679
108 302
643 717
256 755
773 946
207 650
83 920
86 285
444 785
347 803
22 629
518 654
278 483
75 157
576 902
80 565
27 94
463 808
412 748
195 772
571 669
218 687
554 837
207 345
615 620
190 521
46 622
343 809
140 381
236 319
683 760
260 607
62 711
391 503
265 807
14 618
165 710
615 850
323 594
14 533
474 970
615 931
118 729
11 817
196 371
174 899
23 974
559 744
810 958
315 500
353 697
617 660
245 635
449 826
358 426
698 831
257 435
612 921
349 557
188 749
466 779
12 387
264 576
859 913
97 886
333 458
401 610
565 815
17 777
324 659
237 878
475 793
54 567
59 582
358 560
372 647
691 889
513 829
143 238
110 119
94 664
556 990
734 891
480 864
217 883
75 381
39 414
132 268
151 544
192 575
502 796
319 894
567 617
34 762
807 917
459 549
981 994
695 864
662 775
388 436
523 691
446 710
56 380
856 997
509 593
433 630
1 874
207 396
412 752
822 891
201 867
344 931
688 943
585 965
31 880
87 382
326 820
115 515
421 576
6 694
232 869
448 930
585 807
267 288
392 442
101 589
230 419
927 942
783 935
1 327
681 741
223 958
480 482
478 685
279 580
598 866
654 688
384 452
538 905
187 237
763 926
710 763
457 615
44 65
427 843
525 526
491 997
15 576
436 683
664 846
759 943
225 636
29 804
525 927
358 688
541 998
8 609
74 538
730 834
233 810
198 820
310 934
24 203
606 812
808 919
570 858
220 983
367 928
596 990
647 690
25 679
355 872
29 247
267 686
780 793
181 812
276 592
463 726
299 337
674 895
187 780
238 806
51 321
159 906
56 425
184 350
347 762
186 820
705 972
669 809
9 22
279 590
671 770
493 701
762 902
778 995
208 774
347 920
852 875
299 797
305 728
507 734
37 225
499 606
120 681
144 233
13 931
204 741
499 719
61 364
524 836
248 333
265 895
260 911
74 201
679 788
297 558
98 578
211 417
286 461
659 949
568 862
382 410
239 503
176 919
361 413
15 902
201 292
664 908
242 648
24 363
120 212
177 307
436 536
128 217
132 753
59 819
443 464
483 543
284 980
600 717
86 616
656 687
80 421
458 963
457 748
333 845
703 715
850 877
500 534
604 819
350 623
21 725
225 890
238 746
43 914
595 673
339 834
696 968
372 925
319 694
485 666
691 764
104 418
549 742
371 941
402 525
852 937
305 538
142 183
182 864
532 635
593 627
208 543
173 547
766 866
782 967
87 777
71 132
18 784
111 287
437 874
766 973
362 511
714 872
218 891
207 602
4 466
631 765
173 453
174 998
446 843
412 943
370 821
371 500
83 424
11 647
672 731
536 711
199 518
112 424
495 927
359 838
418 782
606 839
337 486
266 938
259 829
72 149
309 584
491 605
234 901
93 801
387 934
1 758
323 804
819 939
141 619
225 474
577 877
140 677
146 934
399 488
257 455
559 922
48 460
290 393
703 751
501 899
372 573
46 954
595 607
302 959
770 841
211 870
509 597
367 875
480 837
63 98
302 814
428 541
655 878
329 844
472 836
178 554
195 600
848 894
709 819
695 908
221 633
214 860
8 196
852 973
390 595
486 583
123 283
718 946
627 923
153 634
335 358
175 201
217 323
36 769
418 453
165 995
260 969
339 976
658 804
934 953
26 138
615 764
357 732
321 606
456 739
41 847
245 439
67 971
233 471
269 871
589 882
577 702
390 709
401 903
249 797
693 820
286 506
179 582
262 387
500 906
282 325
283 932
512 618
658 744
145 955
538 946
81 965
244 407
228 572
28 912
50 632
345 888
608 946
93 694
560 821
228 899
303 531
138 407
301 841
729 950
141 736
686 880
163 824
179 609
264 577
379 390
312 333
437 691
279 999
105 378
293 939
132 495
629 695
155 902
159 738
808 956
185 419
5 136
56 515
203 771
351 411
373 639
678 805
800 831
535 932
361 933
338 889
263 870
748 940
450 875
437 543
803 894
137 184
467 468
639 682
235 656
114 527
152 784
743 760
299 931
545 975
17 118
292 312
888 949
580 939
545 952
486 754
732 766
36 805
292 399
75 777
59 396
779 919
80 551
528 661
31 994
250 384
236 691
832 938
282 391
322 900
533 590
19 924
149 853
25 479
478 515
157 490
482 734
310 456
137 689
63 512
215 325
418 937
58 384
940 998
309 473
675 997
354 922
116 813
153 349
232 290
251 526
430 691
197 620
509 842
112 956
599 769
141 917
424 867
167 917
47 707
696 719
288 735
271 907
501 748
106 671
53 79
60 829
278 527
354 478
81 382
686 813
674 781
660 840
402 968
4 788
756 945
960 994
635 800
346 797
535 957
441 519
117 606
855 940
273 974
795 833
562 588
139 997
485 839
92 771
218 578
238 513
152 876
373 998
503 615
341 376
289 985
532 727
809 974
627 851
56 112
593 942
463 789
429 997
227 718
232 932
283 288
50 109
287 360
768 991
399 930
24 944
245 510
374 658
452 824
179 992
400 915
866 890
426 927
9 458
274 766
463 472
266 548
68 488
343 566
54 655
40 329
810 853
36 850
505 579
107 275
89 828
775 890
33 625
218 732
37 693
612 963
578 815
49 646
500 881
283 797
802 807
586 990
25 909
2 703
738 757
850 987
98 788
559 897
284 981
252 253
414 788
110 355
457 659
617 909
36 143
211 988
160 602
147 324
206 673
86 843
248 509
677 892
489 659
293 611
42 367
651 837
301 708
621 719
75 677
531 795
968 991
86 859
424 637
105 620
420 713
39 417
756 917
561 673
359 964
514 941
614 626
86 892
493 894
114 373
170 419
208 754
456 780
181 545
293 423
481 719
557 838
652 754
605 654
161 541
456 923
347 886
403 584
153 669
649 800
202 242
455 740
633 686
264 401
162 836
273 418
37 132
431 645
4 467
10 784
446 840
861 887
112 346
408 619
580 641
412 991
452 796
469 666
353 945
468 486
206 342
44 341
46 511
488 599
250 666
750 787
77 411
239 605
194 665
249 610
68 226
271 527
366 907
702 865
719 909
8 845
25 177
23 650
279 764
73 669
37 826
702 752
573 728
50 695
83 193
509 882
609 684
190 439
137 265
393 919
67 72
711 787
324 697
461 757
91 94
6 485
155 957
816 849
548 616
716 762
39 103
479 876
252 442
233 311
592 967
700 990
132 298
333 663
315 884
65 857
514 960
433 797
12 940
472 837
356 479
855 999
415 810
252 664
364 834
478 674
386 572
683 830
118 369
190 834
139 988
601 857
30 939
179 495
16 816
329 574
122 239
305 517
88 947
584 792
243 660
633 729
5 760
106 571
86 509
456 518
255 414
537 995
402 468
408 681
37 184
594 679
112 448
248 279
253 538
35 347
219 662
198 488
737 853
754 781
404 524
831 935
334 709
64 505
597 705
230 298
92 271
336 985
353 989
1 377
41 616
515 541
387 628
318 808
444 611
416 723
70 493
272 436
379 692
112 691
242 638
81 964
148 196
283 852
214 760
569 991
681 937
702 797
121 635
157 408
73 697
238 349
359 703
59 890
685 994
541 706
48 489
397 794
306 817
327 601
278 398
12 739
231 399
414 795
72 334
739 758
738 927
445 639
743 766
304 501
713 715
366 483
406 778
43 76
281 887
329 879
517 690
574 791
463 764
299 375
462 801
248 520
105 548
235 629
256 546
243 690
377 740
855 907
273 993
406 942
134 726
144 594
416 791
53 558
471 883
330 869
826 878
339 657
308 638
40 786
62 391
140 373
412 754
18 857
183 689
365 558
407 969
641 937
35 486
217 463
934 986
369 644
153 887
745 781
567 701
178 482
126 308
418 597
352 465
560 662
793 816
107 310
54 851
310 457
791 949
318 964
135 246
429 469
430 982
90 623
362 904
434 557
460 715
288 519
254 773
223 862
738 750
764 807
392 676
655 749
755 913
607 912
721 865
409 635
600 866
370 979
789 984
467 966
820 962
358 513
587 969
487 871
551 882
94 747
21 703
258 771
371 694
46 866
267 595
401 485
842 965
475 660
132 339
18 432
119 221
639 922
610 652
60 685
208 888
63 266
262 842
363 548
0 916
40 577
428 772
108 368
308 338
151 804
523 721
799 904
105 802
535 642
60 354
126 743
532 720
537 810
511 939
494 863
830 981
55 897
142 881
87 980
519 799
683 693
5 577
300 599
46 151
139 595
140 232
16 422
515 908
120 794
250 421
123 913
364 477
148 594
754 853
232 868
139 272
400 803
370 753
336 929
387 575
448 575
561 607
111 698
314 920
211 272
5 34
306 516
354 388
297 863
103 439
931 979
145 787
332 923
63 773
279 840
67 478
402 617
383 788
500 528
124 388
35 141
186 291
418 799
599 917
68 835
548 629
364 554
825 968
363 738
215 797
129 626
95 827
226 566
704 970
501 624
262 694
446 467
484 866
536 819
609 835
134 636
172 711
35 917
0 624
481 605
722 885
817 911
35 866
237 376
204 839
383 703
208 642
464 540
415 599
74 343
23 370
562 704
778 901
126 515
398 978
66 514
14 738
108 137
19 648
205 865
11 552
340 468
412 937
115 588
135 907
407 870
466 478
69 131
126 332
348 990
5 839
441 608
546 641
219 939
805 992
496 984
336 909
392 911
314 956
872 986
43 433
746 987
362 960
236 809
298 616
244 300
564 835
214 588
77 284
682 754
429 558
42 597
518 642
153 276
321 941
335 516
233 966
275 297
422 648
25 978
652 656
266 492
51 846
582 670
587 768
180 362
497 563
534 605
314 496
495 649
371 705
544 989
265 760
436 899
38 971
95 654
243 443
150 965
547 595
381 537
972 988
351 417
264 995
385 869
652 945
263 892
198 431
332 942
131 482
207 663
78 773
155 504
647 968
86 272
405 854
114 745
278 486
173 756
653 682
86 387
15 684
397 492
19 454
331 360
114 632
302 347
231 275
416 746
71 362
628 933
207 346
120 628
466 515
446 922
17 170
183 733
611 798
151 419
727 896
32 553
452 738
533 711
148 667
754 778
365 550
13 271
269 869
579 715
119 993
546 677
70 339
533 921
92 447
314 993
158 188
340 573
417 488
179 761
73 350
464 807
93 771
115 247
131 634
318 952
284 888
326 651
845 953
682 969
353 559
500 682
487 924
129 254
457 729
372 492
306 814
312 335
258 909
958 970
11 335
341 972
876 995
60 932
186 731
487 874
354 585
349 874
414 939
293 570
475 651
581 924
209 347
644 831
358 836
363 682
15 45
18 259
4 818
178 637
144 693
414 581
181 838
69 213
192 673
262 521
375 432
178 972
161 762
143 318
476 745
49 889
35 826
610 954
222 428
459 842
244 748
726 780
109 774
469 758
149 470
507 567
587 632
398 565
723 852
230 324
474 826
431 665
421 589
206 493
737 929
40 367
349 507
206 284
172 340
125 340
379 901
35 84
54 848
555 797
929 970
63 514
412 794
689 774
567 966
326 612
19 62
43 495
102 846
472 880
629 631
119 521
300 357
521 601
78 278
156 420
357 485
432 900
125 777
396 807
436 980
350 630
441 954
25 571
9 158
319 953
410 967
177 976
751 922
574 673
8 322
63 420
142 781
660 842
522 855
63 309
583 706
164 732
536 839
41 303
385 941
99 481
619 758
57 981
62 326
66 797
618 862
142 222
346 573
493 698
463 870
325 664
485 982
255 448
593 933
649 923
562 684
31 563
402 911
343 893
53 803
277 607
170 513
597 934
176 590
31 960
32 994
197 488
623 886
662 866
520 791
4 392
839 958
230 499
379 919
390 474
201 207
202 656
296 725
334 429
228 656
732 768
326 561
42 860
98 560
282 950
361 386
125 489
54 943
332 517
340 996
492 963
399 401
33 722
171 286
500 738
121 755
656 674
340 843
76 401
133 726
748 770
691 773
217 654
290 894
479 778
65 962
446 683
708 892
621 717
52 248
74 912
209 647
354 480
150 937
262 695
329 806
147 917
20 397
325 676
114 590
99 396
212 629
86 601
180 203
308 384
91 560
296 456
613 632
19 471
246 348
229 642
322 356
571 919
164 583
449 865
43 706
436 696
389 978
339 731
486 606
382 543
164 470
535 673
9 711
283 480
571 885
120 601
286 848
14 739
161 893
166 494
294 563
316 479
62 559
1 625
224 358
278 318
309 947
737 952
314 859
352 410
26 87
120 934
282 509
272 315
400 768
150 188
430 924
72 152
399 727
296 576
104 521
750 896
396 683
236 810
555 754
2 750
332 553
137 557
265 964
592 637
375 810
651 901
177 574
98 429
34 897
254 572
699 913
6 475
320 894
375 792
752 771
17 946
327 661
510 789
424 972
209 382
52 220
75 341
5 906
26 819
208 946
191 267
437 663
76 121
167 274
596 861
252 666
346 723
700 934
403 648
207 662
389 933
138 743
273 916
169 203
286 877
302 489
793 964
252 632
31 634
123 653
325 857
204 586
264 399
13 44
519 870
465 991
924 973
585 958
378 676
162 985
565 741
274 939
727 774
933 997
10 645
482 582
214 941
486 902
491 796
310 368
331 695
318 863
317 632
432 462
286 505
434 692
274 845
337 455
430 952
750 813
179 760
698 840
439 826
41 767
153 469
45 159
448 663
413 923
289 661
550 808
945 994
289 774
24 469
208 338
371 958
45 321
530 803
677 976
159 457
453 684
112 994
242 945
134 249
53 303
284 654
76 663
267 984
4 541
116 537
355 996
712 844
52 257
161 264
544 617
56 179
420 700
555 814
160 209
786 893
234 846
494 500
61 815
743 791
418 860
302 555
48 902
105 699
75 95
477 607
955 979
26 553
619 666
70 726
896 996
812 847
140 480
596 705
0 580
787 891
144 884
494 833
408 792
140 375
1 671
350 384
670 855
340 414
692 939
461 821
58 587
554 948
224 447
496 692
369 698
334 692
249 988
191 961
303 763
533 730
432 734
537 543
404 546
571 901
120 879
671 684
236 573
720 974
149 850
166 784
278 958
300 802
645 846
832 843
284 519
67 710
84 744
33 618
239 332
188 549
82 505
120 188
563 634
824 826
197 984
755 994
58 126
719 839
208 431
45 276
72 398
327 942
93 520
152 814
906 947
102 734
214 484
436 806
259 807
333 490
595 939
7 873
51 950
436 981
458 653
802 834
96 626
690 828
51 566
199 406
185 444
596 986
498 781
189 993
323 458
39 446
213 391
458 510
652 890
108 370
268 330
114 735
251 282
514 742
397 418
153 646
593 952
28 194
584 850
70 845
416 676
165 983
524 610
227 354
714 819
300 368
429 883
303 814
126 455
231 310
40 46
210 866
175 480
606 988
273 408
6 662
62 786
376 501
28 646
58 321
512 934
909 924
464 814
555 888
239 499
162 338
77 325
133 563
478 796
59 179
760 936
776 909
600 773
638 905
31 293
181 328
246 870
119 492
419 716
30 103
289 959
110 209
691 772
564 574
30 502
20 168
40 50
376 766
103 885
52 249
218 225
276 897
78 525
139 611
65 882
360 786
95 842
2 220
838 998
204 384
293 467
26 766
319 515
408 539
860 997
395 567
518 679
244 694
527 539
212 340
462 632
161 530
71 243
787 834
381 951
830 868
298 413
173 543
389 610
230 592
726 821
606 992
69 478
41 181
518 961
44 780
527 957
269 925
218 839
187 764
80 876
235 264
232 899
395 971
124 786
449 571
662 783
240 866
153 813
351 694
870 994
357 565
374 765
365 809
109 146
18 577
37 483
701 860
408 413
164 819
68 463
58 357
3 444
215 409
236 916
115 797
643 893
586 878
181 394
367 470
348 365
370 501
81 878
889 951
9 42
287 786
25 807
46 591
51 803
177 684
253 409
23 889
257 372
480 635
634 852
677 908
419 712
6 472
180 902
530 734
87 135
159 522
164 928
0 129
163 719
367 887
61 552
209 757
656 828
454 537
226 728
212 539
193 841
17 723
69 800
534 812
632 698
345 994
605 973
215 513
420 639
277 978
9 768
333 572
264 933
153 717
43 545
264 338
127 897
18 993
183 569
211 374
264 289
653 825
538 926
193 775
566 782
662 713
536 717
369 524
387 445
10 928
407 934
247 551
430 509
239 887
205 337
50 736
153 920
28 552
70 183
644 738
76 197
192 289
33 867
839 897
418 703
127 947
662 922
165 594
3 267
153 186
356 597
689 856
482 566
345 930
219 905
805 898
884 909
296 686
516 666
429 494
712 790
654 729
180 788
223 982
24 312
770 960
499 876
146 887
3 694
809 877
98 872
437 948
46 92
512 652
573 761
409 668
301 982
216 894
214 473
823 881
149 354
298 876
725 963
587 814
110 137
59 605
337 787
122 731
798 928
51 733
369 386
846 940
540 623
604 614
109 448
458 584
248 924
614 934
307 869
352 842
133 465
62 457
748 936
235 519
134 725
247 884
69 628
108 414
398 878
58 891
432 892
60 345
365 397
766 815
112 959
291 535
38 256
41 124
350 502
45 540
670 709
303 932
117 284
718 960
149 526
465 937
27 942
446 948
344 858
515 917
239 651
39 831
728 960
278 289
533 729
165 741
316 375
524 812
176 642
512 812
179 569
608 645
77 121
593 992
34 403
325 368
496 994
480 487
449 872
671 973
563 716
358 504
729 756
608 995
36 372
422 869
318 602
45 130
525 696
819 999
586 934
367 491
479 749
79 423
483 742
376 918
327 937
366 817
8 919
445 702
393 835
487 787
167 913
573 910
264 752
735 798
307 563
105 346
363 874
539 879
314 438
189 554
651 861
587 603
513 796
454 726
200 561
254 708
508 629
93 180
65 917
450 937
255 910
113 929
111 426
137 177
907 917
674 888
0 919
61 818
613 869
209 615
139 904
640 679
660 682
204 862
367 754
333 958
62 324
947 958
160 476
142 220
431 722
136 341
247 969
121 744
545 600
286 890
822 856
17 231
71 300
292 431
22 784
23 73
456 720
408 531
176 735
212 245
322 885
69 987
73 169
473 711
254 507
76 975
37 607
280 764
318 788
67 532
749 860
399 765
382 415
519 732
444 550
104 559
63 450
533 832
664 913
663 733
188 547
500 893
393 669
84 636
197 955
715 818
167 855
78 86
685 918
157 349
168 275
58 130
453 663
501 938
137 273
393 895
12 199
453 867
275 383
630 921
360 864
156 394
29 948
364 549
129 966
226 578
703 980
690 801
547 696
15 502
233 307
418 508
114 399
276 898
100 209
677 708
263 644
216 451
34 716
337 637
259 689
63 299
81 940
786 834
324 773
352 882
169 860
647 947
122 868
246 284
514 856
26 622
498 611
528 932
456 927
192 905
134 812
191 725
395 748
532 759
165 970
260 978
689 704
84 254
291 956
239 850
339 936
305 840
266 629
486 920
254 388
177 463
295 706
520 900
426 895
80 907
671 871
68 456
505 754
508 535
144 488
111 618
554 687
204 861
353 806
586 993
178 935
97 313
427 744
194 661
49 190
414 465
16 833
219 842
295 433
318 530
160 668
819 991
676 892
733 893
267 801
12 939
200 284
202 886
150 766
462 700
547 886
306 920
863 976
9 331
215 845
475 672
186 693
151 677
868 905
229 881
268 839
582 959
234 729
330 536
61 664
282 679
547 549
327 437
319 379
151 907
632 699
486 894
93 393
160 330
249 394
251 340
179 499
571 644
443 550
423 708
852 970
726 999
329 435
420 862
60 293
120 520
136 365
190 672
503 555
765 820
521 761
277 548
149 280
615 618
196 918
398 604
594 675
520 834
4 435
260 581
727 925
202 844
421 598
244 847
671 714
175 411
396 404
126 367
608 762
117 457
6 607
563 834
73 498
65 294
135 142
417 493
608 984
440 954
683 913
171 698
284 891
193 938
529 592
676 769
291 357
76 757
721 744
298 587
336 650
45 302
375 555
802 875
94 977
9 389
392 539
380 946
253 444
823 880
59 751
85 611
267 986
604 833
439 760
225 820
164 636
16 903
66 274
281 891
856 941
708 950
473 483
203 774
264 898
467 765
16 509
51 506
696 901
159 783
165 334
458 472
522 769
137 229
99 941
17 335
109 225
173 836
174 615
247 887
152 789
463 911
265 538
231 419
947 978
307 435
97 987
154 258
84 199
514 546
17 250
398 905
149 525
41 140
387 408
62 538
252 892
827 902
331 631
170 955
196 703
373 380
560 650
643 815
379 908
20 636
455 863
62 967
124 952
72 835
533 954
58 282
77 462
336 584
245 680
48 220
357 814
28 834
323 850
909 967
897 903
520 698
710 765
824 828
676 805
7 600
36 452
76 537
99 840
278 521
245 970
20 944
112 543
500 568
564 693
100 129
656 712
630 946
59 523
703 802
134 219
393 979
121 822
730 844
547 782
694 931
488 537
55 639
539 878
280 379
190 194
466 666
431 732
19 992
364 593
609 970
189 410
651 685
156 325
450 934
273 679
475 537
540 739
501 521
262 601
126 958
513 573
678 849
471 973
40 581
313 471
243 658
85 187
346 649
4 55
186 830
795 836
133 341
190 798
249 322
543 798
88 960
360 613
290 848
113 275
848 970
79 514
762 896
322 545
674 714
239 968
240 922
136 293
231 340
370 952
757 828
792 944
351 975
335 458
61 864
163 349
275 522
228 525
585 884
650 824
546 889
931 977
144 397
20 528
292 797
19 959
496 944
478 736
533 990
336 564
79 609
361 391
99 791
25 216
889 921
31 406
306 659
24 480
432 837
225 469
492 845
58 131
105 786
172 895
245 863
253 356
198 369
315 897
142 722
206 929
381 384
552 884
259 914
441 987
170 251
479 887
31 371
686 739
68 734
199 372
682 862
284 406
285 843
177 834
94 485
802 888
276 626
960 963
7 642
800 892
639 779
804 860
420 581
847 862
169 835
333 976
326 496
38 111
12 583
9 891
799 872
545 793
237 261
610 865
21 577
356 661
904 930
51 84
782 888
567 738
507 752
473 512
352 560
59 459
139 735
614 699
300 567
184 700
149 694
304 385
693 937
343 608
76 925
112 430
740 800
45 918
568 913
54 876
400 771
457 886
645 883
44 338
323 669
340 549
590 765
295 547
496 811
426 670
244 441
4 259
449 855
84 546
68 239
340 916
345 870
237 720
236 805
261 608
500 850
564 847
102 954
195 228
175 826
362 863
56 606
183 351
976 991
354 863
315 719
617 963
200 403
11 214
33 370
107 929
607 980
439 614
137 268
160 635
15 311
452 499
328 673
47 736
169 739
349 789
389 494
401 595
842 843
81 541
151 422
152 382
543 658
657 743
233 629
24 860
149 481
191 308
1 614
397 693
273 879
332 462
886 941
465 574
536 898
41 356
43 658
28 102
347 824
773 972
26 579
103 862
416 895
787 864
239 915
524 597
562 736
356 649
265 877
17 29
1 688
576 780
340 389
782 852
370 885
308 987
519 867
173 291
447 836
199 595
202 501
205 914
615 843
279 377
14 540
96 390
526 572
186 515
845 852
64 365
616 842
84 864
603 944
141 423
880 975
76 784
157 625
482 512
163 192
383 613
358 429
509 975
865 944
483 716
29 680
135 771
362 691
203 765
371 899
121 680
51 769
233 934
475 993
231 986
457 838
119 470
638 854
17 770
34 928
586 757
825 923
128 421
169 735
189 516
302 989
513 822
734 800
181 928
453 971
310 588
591 757
479 847
246 590
781 849
543 630
164 853
226 762
9 64
360 876
53 279
346 771
98 525
458 473
132 154
705 840
133 239
669 941
85 166
814 943
329 588
200 836
352 827
373 667
429 729
302 409
433 542
252 552
218 616
181 612
113 374
65 459
35 655
142 369
49 796
234 995
904 928
191 748
50 496
433 504
162 790
242 795
348 717
69 293
520 895
23 148
466 813
22 258
84 934
491 541
438 917
153 465
316 369
282 385
395 866
892 956
749 997
163 414
495 989
598 778
141 459
400 843
426 711
48 221
33 623
783 989
104 582
521 786
331 946
940 988
153 438
157 452
897 978
340 972
733 819
37 876
221 588
261 440
353 591
281 282
180 520
56 534
142 214
383 895
242 833
405 889
335 760
33 314
163 939
167 915
284 749
198 815
694 928
197 648
96 186
9 130
86 912
146 285
271 477
76 222
171 242
134 506
454 615
99 404
263 819
346 743
790 892
293 316
576 648
441 521
208 780
661 733
338 742
66 793
623 648
347 864
576 598
23 357
230 939
766 841
348 546
661 959
187 612
408 887
5 571
433 484
588 660
169 290
244 994
575 622
159 461
399 936
442 576
404 594
357 414
415 434
45 469
184 784
351 748
597 644
87 101
527 745
880 952
20 529
349 475
25 445
204 636
28 816
250 640
34 437
732 796
325 338
309 637
182 229
55 105
771 840
21 169
10 442
249 584
107 678
327 873
36 362
376 837
76 574
160 539
301 907
94 942
534 731
681 885
242 869
149 311
760 794
318 342
770 895
254 516
368 979
48 261
509 586
78 481
9 190
378 391
12 823
531 801
65 887
12 902
52 107
398 411
178 513
90 341
553 603
240 330
386 594
21 801
8 64
341 452
52 905
570 714
494 546
9 890
123 372
198 358
171 186
79 737
198 241
1 683
757 878
633 688
728 951
434 987
17 193
291 958
149 580
300 560
70 587
168 194
741 779
79 948
89 576
73 75
59 168
187 479
746 802
230 403
412 836
16 165
240 579
168 480
172 280
154 831
706 864
505 609
229 298
193 972
158 878
845 912
383 977
82 444
48 116
207 840
712 987
380 825
343 423
38 659
37 804
595 774
300 410
391 877
620 723
586 591
823 878
2 579
122 944
5 101
816 855
323 361
713 721
18 393
57 85
21 754
359 768
506 724
158 437
127 779
367 993
834 918
281 782
229 960
311 978
61 775
173 973
172 672
14 135
342 784
553 695
660 765
865 869
613 699
155 511
122 134
657 913
51 190
325 547
507 960
39 673
722 997
192 888
9 662
359 458
52 796
38 283
166 300
41 802
13 215
70 904
17 28
662 716
274 645
50 92
359 426
913 986
364 380
149 600
204 725
118 823
46 208
309 866
571 627
40 489
296 883
171 259
376 449
286 594
112 459
352 442
248 251
727 765
33 977
125 331
108 324
76 785
130 153
334 489
483 785
119 197
699 923
343 357
698 852
440 956
525 657
488 968
470 616
806 982
318 524
135 430
375 549
177 380
146 901
552 640
82 307
600 652
397 477
76 469
349 575
320 815
177 606
271 956
132 470
704 873
526 642
319 896
713 717
368 618
315 825
757 786
303 508
30 348
103 958
27 502
9 71
800 822
639 893
216 445
666 803
127 276
503 639
284 937
189 199
84 483
433 541
490 586
382 712
84 338
106 758
365 407
123 685
72 649
640 875
515 777
438 584
554 801
404 712
614 753
488 638
416 634
680 983
623 857
849 960
316 387
953 994
1 445
218 941
277 280
323 566
417 685
400 829
152 696
404 925
211 397
620 855
34 430
72 837
315 443
564 994
16 892
469 958
646 760
629 848
81 794
9 286
393 614
690 756
107 586
419 470
93 659
702 803
8 779
44 57
135 402
410 703
565 617
668 870
56 467
483 632
10 72
393 832
267 875
586 647
760 878
246 905
177 634
315 939
115 274
189 551
445 925
281 676
286 884
708 773
358 906
677 722
129 616
686 820
88 565
734 940
451 657
458 619
151 604
65 795
137 182
89 141
531 994
739 839
522 803
56 809
363 427
164 552
56 433
688 917
593 766
320 358
13 829
195 934
415 633
515 583
130 763
424 452
563 993
5 144
602 759
1 846
623 671
438 677
365 635
238 763
459 762
5 570
136 555
1 767
112 166
26 346
283 313
463 756
92 687
33 207
671 767
672 695
191 993
16 43
14 554
418 627
400 906
116 340
563 811
301 454
84 810
253 845
128 516
205 554
794 893
278 862
82 183
853 986
693 885
508 722
641 730
434 632
440 901
58 316
104 530
626 651
127 682
8 856
25 222
297 833
163 872
265 396
225 551
430 726
380 901
94 943
685 804
372 545
506 991
432 982
110 213
203 533
223 606
501 856
820 940
177 614
87 255
436 949
424 981
868 912
190 252
262 793
428 561
404 527
220 778
17 602
434 604
36 248
79 223
99 731
192 639
216 373
21 140
61 851
522 711
122 867
69 696
678 962
610 908
99 145
636 856
45 118
584 995
787 838
459 777
647 850
339 847
251 427
182 747
199 843
114 929
361 417
173 428
286 853
123 597
22 671
408 707
120 717
72 592
827 960
280 573
213 573
452 795
288 748
628 668
397 854
185 753
884 949
171 962
44 332
724 798
118 613
232 564
563 664
488 606
175 742
380 596
131 302
439 813
280 842
357 868
550 831
276 510
24 335
479 657
227 441
376 866
155 944
33 647
231 540
69 573
402 564
24 510
261 511
354 992
358 737
509 779
113 546
409 565
51 852
12 758
327 515
384 885
919 991
371 711
753 993
752 854
255 877
401 534
769 836
38 973
189 623
142 235
263 596
178 704
251 922
17 582
398 453
240 393
26 828
192 556
355 936
941 977
68 579
87 481
803 944
327 438
293 354
114 257
490 848
346 732
122 135
479 552
397 405
221 625
826 853
80 415
686 745
372 590
251 454
357 407
507 944
688 809
757 976
84 162
199 852
861 946
38 363
12 537
204 583
830 919
230 707
142 437
398 547
934 945
135 596
84 908
545 758
585 929
822 950
568 593
425 815
495 586
136 989
135 262
277 372
267 386
50 782
215 456
567 791
844 868
150 349
245 721
332 763
538 954
153 472
409 838
600 623
380 751
642 876
664 972
183 268
295 342
759 813
229 478
752 976
719 799
285 461
86 814
129 865
224 673
78 316
336 427
130 888
362 595
60 930
99 668
642 720
133 971
851 858
319 784
752 811
251 934
164 855
313 335
316 634
299 364
121 890
584 718
843 875
165 331
648 875
665 915
411 967
507 894
566 716
74 262
91 748
22 558
557 903
192 837
446 606
485 956
3 250
239 945
347 951
591 741
23 432
575 743
101 944
528 638
286 770
144 887
388 798
494 821
779 911
46 130
174 951
340 411
396 510
566 921
694 829
404 696
520 865
689 926
141 231
295 822
278 960
300 904
924 981
675 684
602 852
183 989
233 578
331 854
580 599
25 284
70 433
110 642
575 892
297 731
488 918
90 630
586 851
434 548
201 311
24 280
120 193
229 353
121 616
174 482
326 745
275 649
901 965
780 966
430 699
163 988
559 858
525 918
587 881
402 655
629 738
262 931
691 815
48 283
87 218
454 699
275 468
479 796
445 924
798 896
12 781
87 331
324 527
471 744
642 692
354 470
289 353
898 989
80 170
463 729
372 898
61 796
269 432
122 844
105 666
804 906
205 657
227 395
51 249
161 521
92 795
256 803
243 949
65 469
84 375
395 708
178 204
41 269
221 298
631 867
766 990
92 569
455 649
576 886
669 915
21 228
382 854
2 192
188 251
64 393
230 282
440 606
304 375
892 962
197 244
554 695
300 771
598 788
182 251
21 183
92 236
354 967
6 836
153 400
231 763
126 988
721 929
244 326
599 844
57 542
245 524
73 634
534 729
264 513
561 797
10 109
341 541
254 522
510 656
205 254
377 873
363 842
694 898
164 905
547 676
337 863
394 494
180 435
643 829
354 506
686 849
485 560
810 957
660 884
221 842
665 986
522 885
463 701
65 230
19 213
437 558
33 322
61 850
340 826
485 786
476 687
251 317
695 976
57 612
443 655
203 360
89 315
221 270
627 823
114 990
49 613
265 928
197 293
640 852
92 541
205 794
124 351
44 664
597 836
536 843
213 587
568 694
608 611
154 642
723 786
227 611
727 874
404 999
645 751
407 748
664 723
461 675
68 347
175 737
608 816
127 760
55 79
202 513
138 361
447 737
33 533
417 438
292 530
759 840
6 800
154 991
375 579
614 741
106 955
937 952
242 820
81 242
45 343
270 580
35 509
820 920
635 676
63 183
64 895
344 543
160 638
547 890
513 958
473 616
203 560
223 445
25 580
561 906
229 236
233 745
256 304
5 155
375 768
133 903
158 443
18 278
803 947
329 708
627 727
129 704
5 445
133 136
212 663
714 753
252 656
513 634
18 56
700 956
661 674
666 892
134 424
580 684
138 737
237 341
576 609
518 644
226 934
99 140
852 982
195 865
233 279
351 866
65 413
549 995
382 908
57 753
98 479
26 352
89 640
108 228
37 160
39 790
44 636
745 793
770 786
352 461
67 946
249 955
783 804
491 786
205 608
128 973
555 822
611 626
250 710
16 786
70 485
160 619
775 954
194 757
466 878
833 938
421 554
318 562
409 758
113 636
607 932
479 517
225 622
48 481
470 840
163 944
169 691
316 600
267 990
52 408
548 549
551 838
534 624
169 732
868 986
238 874
337 790
341 838
158 260
397 731
0 866
74 978
56 185
62 115
674 849
605 955
5 401
669 938
561 737
108 260
536 993
242 510
7 438
373 664
14 16
473 818
56 262
278 389
302 552
743 755
389 532
86 422
476 518
669 906
126 578
623 746
455 676
61 237
779 910
637 846
658 769
71 468
827 922
849 966
196 474
317 948
569 928
378 706
326 802
29 592
188 839
740 788
585 813
399 887
177 453
438 795
542 669
357 985
214 818
50 819
349 357
23 996
121 510
103 314
367 385
819 921
393 612
270 738
161 617
167 686
298 555
760 914
542 974
104 726
305 417
34 225
237 550
402 637
755 921
257 262
719 754
906 957
453 650
863 903
152 411
595 945
281 569
270 431
219 453
31 375
156 466
215 881
91 783
418 469
76 217
278 421
433 972
110 404
108 586
56 85
38 869
574 827
8 137
5 100
9 97
800 852
587 700
223 671
535 948
38 244
709 911
304 974
319 533
657 974
382 667
850 951
271 342
97 537
494 517
562 581
29 384
22 901
429 859
494 756
247 964
692 887
52 726
239 980
675 924
641 796
470 812
291 903
58 902
365 522
115 715
114 778
117 409
27 897
265 612
395 933
303 820
74 108
205 966
268 317
558 826
689 953
616 743
176 724
247 667
661 995
589 928
478 597
939 997
357 620
230 490
59 753
623 751
93 930
594 905
280 705
23 923
90 728
14 842
128 949
491 619
228 622
410 511
250 766
480 533
8 858
25 220
120 658
124 702
59 423
646 885
205 411
318 714
634 971
51 973
358 763
72 464
146 971
651 926
46 932
159 399
204 292
24 130
298 801
116 552
819 931
60 875
368 534
686 743
109 461
51 536
90 185
328 615
517 795
243 596
116 718
377 586
260 411
317 342
855 986
911 932
486 502
134 519
691 710
593 728
550 630
49 954
545 797
286 953
161 532
201 711
75 234
576 949
110 924
78 979
265 598
624 897
307 495
58 811
147 598
350 435
61 164
317 794
299 883
283 406
14 746
295 923
58 537
597 835
28 450
361 555
69 250
399 905
71 412
74 251
644 756
404 625
575 814
939 944
689 933
417 762
435 625
20 577
67 939
461 721
667 810
62 816
249 783
379 840
749 938
399 687
625 740
166 850
172 283
245 763
482 671
279 408
620 921
162 257
658 762
60 432
129 456
58 478
349 685
176 941
174 424
693 760
340 912
715 836
183 298
98 862
63 976
449 964
179 540
422 561
349 591
116 878
728 825
251 705
71 730
306 770
748 755
385 433
544 870
45 487
20 219
43 202
150 866
195 407
548 657
143 159
117 842
372 805
30 359
142 861
397 717
347 481
420 683
743 923
246 657
543 559
124 245
329 715
476 878
30 575
80 371
652 937
428 821
105 704
511 676
94 340
377 720
632 815
155 496
589 702
269 328
26 591
118 249
688 848
583 929
490 624
709 884
274 369
717 731
60 696
403 623
62 400
619 981
212 485
58 975
387 419
210 514
88 218
107 150
288 556
507 656
496 655
633 962
61 313
296 564
953 971
257 972
331 735
351 656
494 980
880 973
594 958
336 978
353 980
282 472
67 578
598 738
231 975
72 812
288 889
24 655
315 400
63 534
67 723
417 480
59 919
539 944
444 747
928 980
188 564
538 811
116 211
444 858
289 799
16 561
140 704
94 986
242 857
168 652
74 268
772 995
721 909
462 669
48 369
638 858
489 705
487 584
422 846
385 526
100 429
759 821
357 928
553 869
96 732
298 904
461 492
501 655
47 535
51 592
15 53
146 324
75 374
458 626
424 574
269 394
125 560
790 852
238 785
739 812
132 134
462 857
618 979
126 790
143 262
497 995
666 849
316 858
484 512
86 308
486 554
290 841
311 721
259 426
129 216
395 730
32 240
753 858
438 732
809 984
307 485
792 810
633 764
524 629
286 768
35 512
731 815
148 865
656 754
9 418
80 667
452 703
19 712
166 553
403 873
633 990
418 618
127 972
420 428
832 932
267 339
322 922
732 901
399 886
127 861
261 881
228 740
300 793
429 443
180 839
430 477
93 974
987 992
288 502
663 695
391 754
180 613
362 768
573 900
21 115
388 682
431 788
293 787
142 442
315 523
52 462
272 710
21 341
666 928
147 163
39 81
354 613
150 810
204 727
321 404
798 902
301 726
547 642
161 451
113 970
595 654
209 447
411 647
359 837
30 703
109 414
699 700
316 536
282 664
635 826
434 495
666 770
48 857
123 511
269 319
695 857
661 729
60 388
332 353
389 998
605 672
479 895
585 843
114 553
227 282
139 876
140 360
324 515
131 192
23 470
412 559
108 158
37 150
351 970
69 133
486 871
72 567
568 668
36 978
93 159
205 965
222 829
77 885
10 757
227 585
249 897
495 959
219 553
257 820
131 783
355 879
106 173
130 173
594 902
81 601
387 550
634 647
541 985
121 296
139 185
215 498
417 575
309 633
572 945
297 821
104 533
270 844
181 447
224 926
298 637
278 703
672 886
71 749
159 360
487 591
146 953
914 975
183 374
422 522
719 800
565 586
656 666
462 991
258 394
257 353
811 966
272 312
194 988
341 539
358 587
200 373
54 368
919 948
258 845
43 225
411 581
121 981
30 505
747 889
209 841
551 777
534 569
441 990
316 734
116 600
320 665
172 922
377 984
80 139
12 819
513 882
158 755
682 859
75 470
78 532
501 583
123 189
68 618
535 874
20 405
407 471
216 376
442 902
424 645
591 975
632 788
68 839
178 908
325 587
131 286
170 312
248 696
251 319
70 785
237 475
256 769
442 728
649 814
191 723
123 761
218 735
113 387
60 142
408 855
390 795
597 977
670 775
140 310
348 689
130 508
796 937
636 680
585 906
44 553
170 892
300 963
637 998
728 958
524 557
127 730
240 583
273 933
340 546
72 128
269 602
491 598
555 861
262 301
279 641
415 480
1 53
663 944
362 856
826 868
16 902
263 435
15 306
197 699
920 938
371 712
284 721
600 978
290 382
111 266
570 793
613 965
29 180
268 972
584 725
678 771
290 576
40 627
170 506
192 606
686 994
32 503
325 670
330 740
113 252
187 853
369 842
367 707
26 733
58 215
394 885
120 351
218 401
330 887
596 622
146 988
230 996
766 826
87 689
753 957
245 465
259 478
100 556
265 625
456 560
753 782
260 956
120 637
619 869
395 927
344 837
164 208
295 958
169 382
254 347
93 199
365 866
611 918
5 785
447 976
177 180
31 785
455 881
634 717
154 322
27 662
345 939
14 912
71 673
771 887
724 829
283 945
358 471
180 787
698 848
491 562
845 991
10 382
396 583
56 656
590 845
8 787
176 217
862 865
423 495
760 999
372 583
159 433
72 489
592 736
333 510
252 279
135 328
104 922
320 694
548 551
419 749
725 957
119 322
601 711
266 280
677 826
255 770
129 512
299 464
29 231
213 378
394 420
159 868
164 850
91 850
455 566
66 108
372 649
476 883
338 876
389 880
645 852
386 534
837 961
240 668
48 781
198 275
102 349
543 713
174 728
485 953
206 559
19 808
838 956
205 897
58 992
474 796
340 422
692 947
662 863
184 650
24 863
965 998
141 298
568 624
844 933
22 105
808 879
615 874
512 803
620 828
482 987
6 573
101 625
563 676
568 846
418 845
491 897
132 995
645 950
85 973
399 535
400 735
901 945
477 479
278 656
390 446
676 803
129 160
23 708
393 763
211 604
142 585
57 439
4 618
501 832
247 380
68 849
18 442
94 721
829 898
6 411
377 963
229 802
544 755
195 366
94 608
61 617
264 981
462 920
302 877
346 881
898 984
9 103
263 814
359 981
89 145
476 855
205 739
131 404
481 591
338 848
174 538
624 697
736 963
26 533
7 429
191 553
209 638
35 705
164 443
247 966
13 138
288 375
507 637
199 867
240 912
523 937
28 329
342 681
680 808
473 558
313 517
593 813
83 299
692 919
199 641
684 999
541 694
305 950
801 809
72 903
805 865
258 484
10 581
887 933
448 646
197 241
126 169
129 369
86 928
296 734
23 917
836 984
158 740
107 268
521 928
115 777
23 264
637 660
340 638
219 871
550 793
572 801
577 925
483 698
33 767
590 901
449 997
261 391
353 622
613 813
876 894
628 737
181 609
37 924
298 668
281 618
157 199
86 727
677 912
521 636
9 336
48 314
255 355
198 780
825 982
38 933
359 795
688 891
351 439
124 211
226 703
305 439
377 569
484 763
804 858
52 999
53 330
56 482
298 355
13 972
584 920
36 563
237 366
311 747
666 918
423 593
286 959
352 599
354 880
456 533
18 772
274 666
627 824
791 899
65 295
193 490
383 785
438 564
331 420
631 753
64 121
227 535
822 942
309 777
537 558
277 491
727 871
413 763
549 903
879 920
1 505
766 964
165 567
645 893
135 163
541 956
512 922
361 468
824 924
217 393
797 951
210 243
339 493
50 584
91 284
76 712
572 709
58 911
24 339
43 401
944 975
82 441
285 372
340 769
411 616
78 181
405 843
500 719
620 712
626 909
150 753
524 736
284 675
677 948
402 722
350 676
186 717
149 455
355 718
401 522
121 984
510 770
316 739
156 276
263 592
431 658
341 795
351 427
281 785
627 728
132 172
197 973
87 153
109 246
570 632
145 184
56 365
518 635
213 515
840 953
773 839
227 341
71 348
455 701
256 925
120 638
248 435
299 849
139 516
342 721
774 926
701 918
95 507
188 207
301 360
446 787
322 773
179 948
201 940
341 798
41 955
33 197
727 779
12 108
213 733
179 549
662 914
59 203
422 476
118 554
266 995
340 720
569 778
400 869
221 824
40 268
79 181
82 123
102 126
33 581
90 670
597 610
427 717
525 652
488 973
237 686
535 817
721 937
609 813
569 597
327 957
309 338
447 572
224 996
677 967
538 715
82 703
375 838
103 727
108 835
694 990
538 634
651 809
52 266
534 998
340 745
225 958
88 606
472 957
273 700
121 416
78 589
851 975
235 622
414 691
234 368
493 938
296 506
367 625
632 734
299 753
104 343
489 771
273 990
75 86
204 818
756 839
208 693
389 896
459 836
614 904
605 715
203 379
39 977
575 739
908 918
430 438
75 773
66 576
307 342
36 952
2 248
75 914
277 434
44 611
62 748
727 958
321 566
253 563
179 912
550 641
74 198
522 741
370 881
304 335
124 832
892 954
16 83
568 992
662 958
296 739
689 892
90 707
269 528
533 963
93 972
115 812
31 467
673 704
11 985
533 820
386 415
44 167
678 810
177 258
812 897
668 972
10 226
449 898
216 947
0 436
57 325
419 426
595 965
285 429
547 934
426 539
811 877
3 952
480 571
691 819
673 780
397 900
825 953
854 971
556 959
59 625
690 821
591 727
243 637
209 445
119 214
652 672
428 729
267 733
252 501
266 793
26 880
628 756
134 399
543 993
549 612
548 905
207 672
304 961
467 527
70 664
36 536
591 922
540 920
852 922
653 663
484 550
657 860
291 682
299 709
334 844
333 775
445 461
692 882
14 354
255 458
130 359
437 793
443 724
282 858
49 637
32 909
108 152
532 842
314 619
103 594
706 709
47 335
148 758
314 730
116 290
23 182
192 242
336 478
662 711
314 845
116 337
603 833
399 852
236 538
576 772
3 331
564 670
98 599
763 875
289 522
309 583
113 745
244 428
266 778
379 655
286 329
289 763
464 786
383 571
646 729
560 794
284 954
244 322
391 775
621 784
12 632
785 824
271 733
272 661
77 94
703 766
635 668
194 986
46 939
233 864
82 409
324 329
264 660
376 664
829 933
406 862
484 902
547 672
251 794
368 695
406 969
9 49
228 387
130 775
63 339
377 568
87 585
414 651
167 497
118 353
209 699
51 168
549 745
255 648
666 919
230 361
305 533
473 879
334 936
522 546
136 377
9 717
286 975
398 985
627 827
369 543
649 957
190 543
545 636
92 832
503 716
89 680
640 808
112 199
149 590
120 722
407 778
20 257
467 540
527 565
822 943
201 951
15 452
184 835
187 356
175 399
567 921
679 815
222 942
425 584
330 490
124 904
72 819
399 680
440 823
679 956
115 887
81 955
962 964
706 890
261 830
909 951
15 888
353 687
427 736
505 980
569 975
914 926
370 490
133 542
336 678
284 926
200 645
306 686
24 451
46 596
231 616
307 826
14 946
446 485
82 728
161 175
551 862
94 799
168 945
479 963
211 885
66 114
69 980
553 927
221 825
48 517
838 936
747 901
290 606
333 540
562 806
262 536
748 957
394 736
87 621
159 928
308 366
695 786
186 782
647 911
100 968
48 867
69 647
179 507
236 248
218 415
184 291
494 704
373 817
389 572
339 641
442 762
114 623
527 875
89 283
416 741
757 844
518 922
286 698
417 953
71 492
684 793
45 721
163 282
491 889
79 918
616 802
157 808
72 960
418 692
92 259
679 979
25 462
227 784
84 879
158 658
875 940
434 682
110 747
550 580
76 783
202 734
205 749
154 797
11 956
853 925
40 74
441 495
295 508
23 589
392 805
318 585
158 844
271 631
20 821
681 917
719 885
298 563
45 294
345 756
823 987
76 636
6 147
233 943
307 688
487 998
94 872
574 598
336 416
445 514
269 541
111 187
738 915
264 684
302 996
444 854
343 421
683 759
61 579
522 983
657 708
621 651
694 761
66 106
583 723
472 813
238 788
352 835
561 741
191 422
428 788
141 219
489 770
2 450
332 376
268 720
622 873
223 766
627 981
499 818
26 430
265 514
748 839
727 866
143 545
183 532
494 847
153 545
338 543
523 911
342 643
274 739
62 514
446 545
122 489
140 248
308 902
58 593
165 795
39 822
98 366
67 773
156 626
126 288
297 572
5 883
580 717
482 608
374 562
858 939
37 418
754 948
188 818
390 658
343 662
145 513
77 454
3 511
797 973
444 539
84 754
231 556
15 944
767 799
749 768
185 925
2 829
153 447
742 793
269 910
294 526
10 227
36 879
655 753
547 984
31 331
474 500
96 302
8 896
850 891
923 973
121 845
796 836
422 719
445 550
137 333
502 569
263 501
581 650
638 885
825 952
932 996
829 896
333 369
129 916
17 624
34 846
327 343
88 571
674 798
255 945
91 944
497 505
529 761
82 853
907 908
87 420
548 906
4 936
744 981
144 824
363 417
133 349
49 914
325 997
382 750
614 949
258 466
173 561
9 720
339 697
726 807
360 764
514 623
36 767
438 703
312 639
452 527
89 339
273 372
102 363
313 923
723 908
879 890
637 878
218 792
650 849
723 893
547 596
545 689
965 984
527 577
92 340
143 840
495 905
206 468
425 595
154 179
157 784
448 924
892 991
235 324
236 539
771 800
594 901
123 867
192 401
474 519
555 882
22 341
98 967
797 977
767 819
241 737
189 897
278 690
530 959
380 812
107 556
349 615
152 221
505 793
516 953
192 526
261 278
564 657
635 786
158 166
677 926
302 711
690 839
200 455
78 488
321 373
394 491
252 427
397 721
234 949
77 784
481 911
613 942
82 934
268 811
432 697
316 575
47 953
56 484
420 589
911 977
308 314
406 667
647 827
83 634
247 823
821 964
21 157
109 818
117 567
514 627
307 499
133 306
369 542
745 919
407 916
430 495
658 818
217 482
532 879
390 608
666 729
387 472
64 123
121 126
429 845
92 649
40 500
149 702
296 926
81 664
542 621
176 756
672 745
567 920
254 397
108 350
653 796
799 956
188 779
117 155
444 509
563 881
435 738
55 213
97 455
577 605
529 978
209 642
310 397
370 408
150 314
23 552
28 898
214 745
841 849
237 712
457 600
655 696
505 836
436 706
272 611
312 464
192 255
129 799
21 281
703 797
264 546
46 964
234 556
276 841
115 291
152 471
65 522
816 846
319 917
68 683
397 971
215 836
575 668
219 257
61 574
189 617
635 921
7 568
471 702
359 825
820 829
267 663
75 334
350 964
117 967
686 886
229 969
18 162
384 536
133 243
192 593
9 957
337 600
467 601
319 728
51 278
207 667
557 780
251 367
477 737
227 454
36 672
2 496
188 491
580 933
36 823
74 462
58 971
187 677
105 904
494 558
382 768
628 984
61 309
727 916
193 613
126 261
953 975
550 667
93 196
81 644
210 556
460 949
524 770
11 721
317 776
412 816
115 933
496 609
407 527
671 834
505 661
73 505
771 888
239 812
213 983
554 808
68 164
658 730
440 579
202 558
77 434
44 189
154 909
400 517
353 571
300 486
158 988
200 210
37 961
610 618
108 232
155 886
372 496
279 900
375 979
470 845
237 453
242 932
168 799
412 630
561 856
362 605
453 802
475 790
538 632
868 967
116 620
82 588
302 997
363 777
146 305
148 732
924 960
548 768
255 924
700 895
29 106
100 143
47 896
584 756
786 880
289 456
420 566
481 544
817 882
268 578
535 540
57 965
557 880
9 810
545 872
636 723
57 566
5 702
377 465
752 870
291 513
199 888
658 909
274 337
627 837
166 323
545 586
457 506
274 736
481 492
782 824
87 948
382 828
383 461
524 855
317 975
46 247
265 844
126 289
73 187
495 628
260 689
92 480
115 897
392 996
858 859
505 689
141 451
241 875
702 968
149 968
444 532
510 916
625 817
607 737
901 958
673 695
28 970
107 579
94 516
500 658
102 890
620 643
493 651
200 206
190 489
617 899
530 890
752 950
492 753
369 378
334 969
551 865
254 611
829 927
441 966
8 767
172 946
211 812
86 936
158 357
734 772
316 677
122 628
158 500
414 514
609 818
114 496
722 755
317 333
246 733
907 911
325 706
769 930
75 489
596 707
687 756
619 738
212 724
276 350
131 294
579 932
528 946
726 949
393 487
359 692
251 279
1 982
218 596
181 576
171 471
26 387
27 102
545 997
178 198
30 895
628 882
406 478
412 555
452 520
127 142
348 681
519 786
740 983
210 710
608 748
191 921
344 768
110 983
632 708
23 176
304 414
53 969
222 944
575 884
447 533
732 869
163 418
440 797
112 522
499 506
698 932
167 619
297 825
335 785
836 874
340 633
845 996
84 504
375 629
86 520
550 879
76 566
577 873
188 676
86 635
492 838
293 819
6 88
11 306
103 648
162 186
397 934
15 331
734 849
437 485
475 862
259 925
472 804
595 705
169 758
111 355
403 410
23 705
535 870
367 570
354 359
282 760
389 804
86 150
420 590
131 501
705 776
743 848
340 827
212 744
71 87
0 764
312 830
614 967
316 798
298 497
237 545
174 676
359 728
588 783
431 831
164 474
4 163
299 985
84 145
670 760
782 982
469 473
74 427
202 228
735 914
339 965
382 997
961 994
304 555
515 983
37 263
168 202
22 165
339 795
316 322
300 959
139 507
70 209
309 903
241 977
537 732
754 874
280 691
249 786
233 373
567 776
64 866
275 888
205 711
598 842
512 925
750 797
491 586
207 309
148 345
166 934
318 905
95 532
237 711
399 584
521 850
168 518
228 926
559 570
234 267
272 612
368 777
111 963
2 661
293 907
293 412
890 898
391 869
654 917
863 949
284 702
52 386
453 845
534 622
259 872
192 612
9 369
377 783
198 879
868 947
544 601
651 671
47 638
124 131
548 749
54 283
0 779
463 750
85 280
583 745
221 936
227 235
327 886
382 883
123 458
325 666
131 465
61 880
465 546
123 443
423 766
27 177
32 233
394 960
143 719
730 964
315 768
264 300
451 874
378 982
342 613
830 926
209 976
66 635
108 226
291 834
19 691
495 738
443 911
351 526
173 282
47 257
142 770
112 372
12 111
72 962
128 596
236 717
241 990
98 682
392 969
357 943
417 669
274 833
337 843
832 891
335 856
529 957
89 838
59 938
611 713
25 238
364 376
172 395
466 872
594 951
234 774
702 783
439 959
392 694
11 156
488 863
141 785
200 211
642 790
111 999
186 394
206 969
48 487
157 283
55 788
16 581
746 778
243 324
685 869
190 349
103 720
32 430
5 588
203 978
508 622
691 841
48 709
217 998
18 485
254 727
681 983
449 487
837 860
17 539
490 813
540 657
320 628
172 749
154 826
352 837
626 878
134 561
191 416
86 222
325 638
950 995
255 765
0 565
130 636
186 800
35 907
708 749
204 956
190 763
288 367
40 768
204 531
23 457
390 852
339 780
161 832
199 776
718 776
227 707
218 504
143 961
2 247
80 815
670 978
456 695
236 674
308 823
438 866
214 965
567 963
254 458
69 377
275 835
58 689
81 624
92 153
60 101
417 534
89 817
77 452
349 383
97 270
315 435
266 789
52 100
983 992
140 830
270 885
107 693
326 679
555 665
512 756
552 725
2 682
77 294
668 975
387 892
10 225
289 830
77 183
208 298
85 668
612 643
65 576
18 908
159 550
113 892
62 200
538 605
703 933
762 876
93 766
267 577
76 215
424 624
212 796
838 871
125 638
351 492
299 321
212 614
108 727
130 977
648 782
4 148
139 901
507 787
843 925
450 582
666 958
593 758
23 271
207 594
126 646
142 171
109 844
156 771
69 494
711 885
348 571
437 870
187 639
49 626
516 948
52 579
473 562
352 685
593 801
524 741
183 792
157 893
249 900
321 535
344 944
805 877
308 779
112 444
416 521
546 655
235 326
589 811
782 869
405 480
318 771
693 893
175 714
345 999
587 673
110 673
400 672
292 918
681 946
824 883
275 573
2 799
521 821
205 260
560 797
119 706
232 510
341 708
430 623
162 473
509 910
25 855
279 862
525 546
341 693
223 561
115 472
479 603
525 947
927 995
115 693
146 596
59 545
99 588
137 367
67 234
358 991
345 460
405 559
113 852
372 719
88 618
142 843
38 808
133 943
129 765
207 784
329 674
133 302
104 402
515 538
471 856
451 634
494 555
443 535
687 888
528 927
361 866
288 312
883 997
773 879
334 943
423 682
726 833
602 723
105 921
274 662
278 310
248 411
300 944
291 937
112 250
295 913
390 943
121 124
545 738
641 995
201 948
53 955
541 662
266 632
49 376
474 967
71 555
365 778
187 470
136 952
488 567
197 209
344 571
55 215
5 854
775 830
282 369
529 976
71 841
366 555
702 897
84 564
346 479
2 808
244 306
284 921
65 848
160 663
380 818
94 992
629 897
78 185
480 664
618 620
506 904
396 958
55 240
445 763
172 853
232 248
160 629
220 585
264 691
691 876
506 618
53 103
439 928
163 763
111 273
371 636
134 296
484 933
350 970
242 243
354 409
282 682
209 506
601 904
485 605
52 80
437 666
648 887
96 788
155 345
31 866
30 523
352 857
161 307
381 781
60 474
385 992
248 874
268 559
415 936
338 442
40 918
459 860
23 311
316 803
647 793
687 796
65 485
302 506
31 728
680 710
311 632
787 909
4 128
545 940
31 617
567 683
571 684
18 868
98 470
389 731
361 632
135 201
896 925
1 575
369 649
101 870
338 344
411 428
219 743
236 703
240 698
368 467
435 595
55 138
3 375
560 616
390 693
28 706
70 333
241 845
701 741
27 224
38 106
810 943
426 632
559 616
201 492
20 816
483 758
806 862
586 935
183 437
423 490
51 779
345 618
586 616
293 970
789 981
544 920
85 616
11 381
306 947
237 861
416 862
510 723
294 492
389 456
816 876
491 652
129 539
351 378
6 323
119 206
156 372
124 160
87 300
385 802
47 898
549 588
364 774
221 907
350 817
353 611
13 959
454 787
56 414
535 542
296 397
403 691
316 848
613 710
212 289
506 887
18 934
237 306
773 790
98 152
212 400
196 893
36 710
58 890
356 393
61 117
881 929
50 486
537 968
633 887
545 569
213 923
143 960
683 727
317 973
266 464
356 949
305 672
706 927
89 903
267 348
524 951
192 392
301 532
379 886
15 780
589 663
349 382
582 687
107 179
177 437
470 530
24 352
79 314
427 813
444 645
284 850
512 859
242 740
206 955
101 175
86 605
140 541
293 797
731 880
251 655
487 775
530 660
521 587
116 979
565 786
89 637
364 565
381 497
147 169
111 216
97 156
247 488
680 963
820 832
252 386
151 443
424 625
595 660
544 642
124 196
52 153
346 890
134 387
63 315
48 960
660 719
477 517
189 369
230 839
32 52
455 466
176 546
122 199
194 344
294 807
208 548
217 282
5 545
409 424
451 805
235 906
201 782
461 506
634 802
796 835
311 326
153 860
615 820
616 750
145 704
404 971
116 882
249 884
875 984
13 329
35 145
4 824
301 470
157 670
125 266
110 678
14 92
137 978
165 604
287 924
367 418
354 991
846 983
589 771
138 460
741 957
470 937
516 789
81 142
188 678
906 969
210 298
31 296
234 420
385 430
315 557
264 521
392 478
360 466
34 911
377 881
105 290
604 796
128 359
475 848
269 750
425 427
578 739
543 675
341 775
432 557
324 619
185 491
207 866
171 200
618 627
394 633
363 608
125 513
454 953
381 759
717 893
604 762
333 628
556 664
137 217
601 988
450 816
415 806
87 581
557 753
94 355
4 911
9 791
191 507
804 982
1 903
364 989
203 473
4 30
140 462
322 489
51 221
288 821
193 380
251 418
332 728
504 587
389 742
504 774
428 768
641 881
839 882
519 880
169 260
335 435
248 267
344 798
236 340
165 720
22 187
580 753
67 990
323 616
220 224
62 827
28 767
344 572
474 631
528 868
150 334
278 883
335 838
16 814
344 683
388 406
55 484
210 236
11 997
106 429
418 993
241 642
96 139
168 520
280 962
188 337
121 552
603 764
484 575
107 525
551 628
440 648
239 248
721 777
595 784
432 796
306 829
592 762
612 757
258 611
172 854
724 731
358 617
509 755
920 944
538 611
376 696
105 286
267 571
609 926
369 401
502 663
123 238
399 491
53 151
574 875
333 647
584 731
35 977
142 983
803 955
570 914
61 797
1 789
669 990
191 398
35 958
240 352
147 812
378 905
538 603
373 652
412 472
22 665
198 297
274 473
47 188
106 664
359 766
368 853
352 520
4 129
499 971
649 844
136 281
356 700
106 555
13 205
72 663
416 761
97 804
494 806
338 454
191 834
640 776
182 639
593 872
922 942
425 654
451 650
435 549
148 682
524 829
301 500
395 883
76 948
166 742
426 839
465 747
162 717
418 803
590 693
2 930
49 69
505 523
642 677
396 637
509 964
93 645
96 151
150 436
290 505
91 492
309 349
572 597
167 787
298 718
480 677
210 498
764 973
281 519
324 646
110 299
307 326
544 921
211 932
271 902
699 971
204 363
276 872
355 785
160 824
53 122
56 210
222 855
498 795
116 670
281 839
195 265
234 801
54 284
574 775
21 909
104 205
344 380
276 573
481 549
977 984
726 844
69 726
485 705
660 667
955 993
208 682
669 851
194 373
91 743
114 572
13 864
235 784
517 872
40 770
661 928
649 872
184 874
231 292
238 353
324 626
283 343
268 385
144 255
58 605
460 837
120 782
672 677
965 992
474 781
75 614
701 806
407 703
267 328
567 989
399 895
240 566
295 702
542 645
28 807
124 972
372 870
324 932
82 88
308 609
326 599
20 619
776 816
392 709
270 746
396 609
241 586
6 224
229 505
267 788
107 981
167 823
738 849
121 849
214 686
324 338
328 661
384 903
385 498
222 602
65 582
392 434
321 508
138 154
142 706
746 765
439 720
547 651
270 294
146 272
269 736
110 758
677 681
489 960
178 526
40 622
117 956
632 656
138 591
222 345
367 656
642 813
549 752
127 452
488 581
443 525
134 674
32 164
86 363
622 777
262 513
331 336
443 634
99 204
27 123
123 722
765 799
1 836
310 386
114 947
175 650
26 305
482 847
523 943
676 941
718 874
459 581
176 637
272 411
585 919
213 958
201 926
273 505
311 321
740 929
27 822
545 693
13 503
417 726
168 352
280 602
541 801
783 868
953 989
771 804
679 919
594 897
166 814
797 828
119 749
234 248
90 672
435 827
608 933
201 474
702 890
562 635
251 588
603 659
881 981
110 385
6 204
281 451
157 336
328 898
656 657
642 988
96 462
236 255
270 480
551 945
54 331
287 824
99 590
264 665
307 541
414 835
454 668
626 837
704 939
119 256
85 400
329 838
403 415
149 199
445 808
218 354
311 963
534 786
739 796
441 705
377 707
229 546
304 806
209 702
191 678
398 995
507 817
221 611
386 728
518 657
316 793
268 660
312 688
207 417
692 851
382 921
883 916
627 830
26 277
28 427
503 715
253 660
36 878
3 127
331 602
226 364
571 671
429 841
589 933
353 367
308 890
168 205
407 886
120 440
111 520
438 808
295 753
245 338
671 874
231 931
73 449
378 778
478 712
137 892
586 769
935 950
148 356
775 841
449 803
266 811
231 641
491 732
148 203
42 946
298 600
29 728
198 988
431 868
312 468
555 624
223 646
388 617
102 769
51 817
379 396
729 985
151 167
93 320
699 941
33 511
34 912
54 343
96 601
0 159
846 930
479 863
275 456
17 572
694 790
53 150
136 222
56 783
88 759
57 828
207 758
713 905
41 336
518 738
799 931
191 542
382 731
164 618
203 452
403 518
117 662
173 740
585 764
82 543
201 747
4 130
408 779
300 745
523 870
433 456
12 92
566 792
627 794
41 131
11 882
305 790
13 93
172 634
218 813
827 905
273 754
139 395
356 915
145 766
143 799
455 985
256 448
11 725
250 493
732 953
71 521
793 811
277 378
6 584
245 310
306 410
550 633
2 931
797 996
444 524
905 998
121 489
50 919
162 317
266 802
59 943
214 803
44 185
174 460
250 830
30 662
6 773
137 634
376 904
712 994
452 954
368 808
58 220
168 884
189 822
711 849
289 896
823 839
404 439
404 718
212 477
409 543
301 601
105 360
267 969
721 802
458 664
259 841
868 963
48 760
301 746
61 740
363 781
74 840
262 735
377 921
798 829
103 947
660 838
511 610
8 293
394 574
70 551
570 945
557 731
230 857
90 272
437 621
540 946
562 598
212 291
394 784
566 730
18 932
113 354
40 545
459 890
614 898
117 362
812 830
27 158
523 821
584 805
41 264
52 763
143 556
402 406
24 756
144 865
735 983
465 686
434 918
87 944
164 243
112 260
723 868
575 975
176 545
286 554
527 616
306 348
420 468
171 870
153 247
102 306
92 508
355 957
403 699
421 974
391 949
45 978
103 220
380 551
128 930
606 781
185 567
115 818
832 858
673 730
215 343
382 508
276 457
439 882
107 583
237 652
110 490
491 676
281 486
360 361
819 866
401 793
2 600
133 738
82 266
176 331
223 623
629 744
561 888
411 625
105 324
77 299
60 856
168 910
479 774
229 811
642 650
592 993
55 995
259 562
21 575
8 370
657 667
677 680
751 795
167 378
445 884
47 928
605 918
786 848
94 389
378 896
313 482
863 952
942 951
526 822
13 929
584 611
342 855
165 230
352 979
518 682
408 933
439 990
812 915
157 302
543 781
605 696
1 810
74 288
0 643
187 515
423 643
190 666
636 958
148 926
28 320
247 588
196 994
640 834
571 726
405 901
183 740
390 966
44 208
532 967
58 638
404 614
153 802
226 312
173 351
321 532
31 833
602 911
589 855
495 916
44 460
226 427
875 986
149 903
103 192
470 717
732 784
35 96
26 362
478 892
63 958
413 931
984 993
272 493
370 448
79 280
590 908
108 840
103 567
492 834
731 887
206 772
449 529
360 468
95 628
186 304
122 690
764 869
102 580
86 857
595 709
651 887
85 415
213 330
30 368
159 660
74 896
618 625
105 578
161 336
159 805
60 578
122 775
636 712
70 623
622 968
259 716
591 983
359 583
92 834
90 126
610 899
204 880
51 223
473 881
883 998
238 563
277 673
773 876
83 750
174 795
247 931
31 630
123 753
415 727
437 839
482 848
14 755
124 338
71 262
404 651
256 505
50 63
303 723
417 535
295 867
301 398
471 641
801 974
233 448
399 769
491 800
421 565
650 961
427 568
689 799
106 137
783 891
720 901
438 918
775 827
478 713
454 518
361 477
345 960
396 708
749 818
73 337
216 493
166 986
387 923
262 293
672 827
379 673
54 923
424 565
3 587
180 549
76 598
96 380
298 744
202 662
71 272
505 824
228 343
552 575
312 324
538 766
298 891
362 610
798 951
208 367
454 761
293 565
635 924
252 452
398 464
475 559
458 915
882 980
941 966
234 858
169 793
549 550
548 975
124 992
290 971
19 251
666 834
367 715
423 613
317 482
299 539
339 534
916 986
352 923
353 438
981 992
36 685
199 915
386 812
313 756
285 937
389 695
532 938
395 518
822 867
75 798
648 661
631 829
154 419
118 912
451 767
144 149
532 776
116 898
442 486
313 982
139 394
400 958
153 794
157 802
413 728
340 360
732 954
577 937
168 313
11 805
89 985
185 538
271 522
373 401
12 329
729 745
586 802
434 567
590 810
25 242
228 559
415 927
659 879
254 799
108 419
171 313
232 395
301 950
160 694
569 606
1 21
668 790
279 899
780 932
341 618
159 441
163 954
521 556
354 743
119 421
547 768
91 140
400 603
517 952
310 942
96 614
868 972
12 796
87 184
72 121
116 664
134 267
75 353
423 811
562 885
138 937
37 805
279 845
131 416
385 848
243 644
173 805
477 654
624 661
38 81
373 878
9 813
302 426
14 30
36 626
237 303
131 968
903 996
83 569
264 381
341 443
450 536
37 104
437 782
117 282
745 961
50 485
236 504
352 569
369 729
390 987
338 424
504 832
286 664
89 746
71 462
348 881
183 602
442 506
518 779
135 941
136 533
102 416
305 898
239 521
370 872
6 666
80 946
62 870
376 489
418 722
880 905
80 717
407 558
746 878
31 130
309 620
190 518
457 825
519 745
670 780
379 760
133 786
711 782
590 774
516 685
97 371
409 815
284 941
410 528
802 814
729 886
676 811
76 527
276 441
409 728
431 799
133 893
253 481
0 395
293 794
61 240
258 975
100 276
176 332
157 727
114 206
377 861
333 410
462 710
582 727
328 742
60 857
77 917
464 486
46 880
341 864
638 718
34 840
534 901
262 696
0 174
786 830
557 685
282 737
209 455
122 992
213 407
87 418
289 495
271 299
722 895
528 792
195 517
92 895
347 718
147 212
117 732
248 677
511 578
618 847
468 938
476 589
278 447
533 732
27 125
49 997
726 825
88 125
674 732
43 103
18 792
23 489
247 591
268 464
641 874
499 562
399 805
135 512
504 860
153 801
245 459
193 544
68 436
585 870
288 732
296 823
192 376
211 961
378 607
641 677
664 706
102 174
620 943
180 812
775 871
172 440
229 313
637 684
25 507
395 411
151 448
292 993
24 383
353 757
137 544
216 999
659 679
383 945
77 198
356 373
228 886
634 977
564 744
376 961
61 690
250 998
221 886
573 818
578 988
6 93
63 132
194 981
711 792
40 307
217 620
180 352
272 795
974 986
829 845
137 403
122 691
560 570
109 343
237 802
95 644
578 766
171 188
320 658
29 54
359 787
34 876
136 870
40 753
4 852
77 778
761 841
377 592
598 810
838 839
53 289
493 986
522 888
907 942
639 825
674 943
536 948
192 762
389 944
272 358
263 923
433 704
105 867
17 257
535 579
334 768
669 793
528 915
155 290
549 867
469 905
698 835
653 773
456 541
348 539
956 986
443 777
351 896
597 984
579 677
156 658
395 618
503 709
288 538
37 177
22 207
64 732
383 384
40 506
495 570
274 428
316 351
970 972
2 42
6 610
334 367
527 720
568 927
491 944
366 700
335 835
233 265
442 871
897 936
349 761
428 933
438 507
243 788
45 315
121 557
621 860
306 681
203 719
149 237
681 887
272 744
681 860
721 927
685 892
634 868
355 758
466 784
67 202
489 636
327 644
385 681
862 937
180 410
130 883
487 618
186 567
62 66
14 225
364 798
356 575
699 767
313 424
132 148
333 533
209 527
123 449
415 530
91 623
4 110
429 743
507 991
480 746
22 542
114 535
99 185
681 790
753 948
277 708
374 412
212 495
35 622
507 573
382 955
238 290
313 868
173 388
339 996
641 850
279 917
164 217
352 567
95 483
300 521
227 571
301 352
508 868
297 457
870 958
317 534
448 939
783 809
42 722
392 974
465 744
279 806
124 939
710 998
326 991
239 458
276 320
701 737
150 361
512 638
572 882
525 644
271 636
81 186
525 533
140 629
239 321
101 974
24 38
6 138
1 545
232 329
582 601
161 211
34 67
86 812
24 85
703 831
137 346
335 667
284 671
357 511
730 891
452 453
73 904
310 943
146 657
376 727
690 840
324 543
454 478
95 732
276 986
565 988
87 296
40 713
266 647
350 938
385 806
168 925
171 426
484 724
126 909
363 557
38 199
6 429
539 558
441 767
26 663
609 632
468 800
51 376
269 273
294 940
151 671
32 155
787 797
312 763
460 531
152 868
339 674
356 716
451 956
330 995
60 216
408 873
300 719
200 526
519 601
92 553
109 901
2 321
274 730
101 821
482 793
486 881
568 650
79 962
321 526
784 930
364 484
19 835
832 958
887 984
452 839
148 568
577 622
597 611
357 974
215 480
343 687
309 619
435 800
572 935
223 917
262 339
447 733
124 574
505 548
159 233
54 977
36 356
278 681
121 628
84 616
470 897
306 670
401 910
612 938
279 817
194 607
317 788
403 480
534 713
21 490
668 891
581 738
289 930
825 848
517 522
609 761
497 775
190 354
392 437
691 827
146 764
864 937
26 934
119 313
730 974
214 215
161 473
648 981
300 536
783 951
337 521
212 611
104 300
344 347
441 539
243 867
194 293
389 771
855 952
87 530
71 105
494 528
652 762
247 808
468 939
89 442
217 237
187 517
369 922
234 430
65 417
415 765
165 966
443 748
10 921
374 452
88 237
39 834
174 991
109 762
448 868
567 909
344 949
112 433
188 894
80 927
465 679
598 689
14 94
620 793
70 382
127 891
28 116
844 849
227 849
783 918
555 875
349 350
225 336
157 444
195 249
323 972
110 388
715 802
37 818
332 902
719 810
833 879
353 613
48 469
431 818
345 565
612 733
279 897
600 849
530 856
33 464
142 562
610 833
119 364
194 837
55 592
194 617
99 704
885 993
445 948
157 403
388 663
52 202
164 780
424 593
9 57
601 951
263 756
493 985
118 462
579 872
35 902
5 478
302 624
85 96
895 928
201 611
207 573
429 531
144 909
201 716
23 415
395 540
87 788
236 434
398 929
193 349
334 547
117 465
227 689
389 738
191 810
268 501
17 179
165 843
404 661
98 446
140 191
412 948
343 896
182 518
558 861
111 533
257 878
496 636
465 643
407 923
50 799
378 624
567 774
590 605
171 561
559 738
706 882
176 969
563 743
191 720
569 870
435 792
771 914
23 545
617 658
121 579
413 901
224 490
55 496
96 415
98 853
410 585
340 778
306 678
9 72
823 975
42 576
423 509
544 770
275 403
251 730
529 646
345 397
811 837
828 918
635 688
149 438
634 869
232 253
51 675
177 556
17 791
15 260
76 310
595 626
119 368
51 720
547 759
234 678
56 826
552 863
609 914
350 572
21 516
116 646
635 926
66 495
479 830
164 800
630 663
522 906
83 848
462 985
69 877
105 572
678 825
513 705
397 594
669 986
24 219
88 873
388 836
437 534
576 718
669 843
35 819
56 374
302 774
334 797
660 963
385 958
221 757
347 934
136 285
212 488
286 787
582 916
362 445
57 765
331 490
223 293
62 622
49 701
72 746
243 411
662 841
170 951
616 667
16 465
110 913
326 818
718 720
52 169
206 484
135 984
84 768
693 926
417 659
129 263
37 438
387 731
83 200
286 495
814 961
563 707
196 504
2 849
422 878
44 180
85 928
659 881
208 437
11 146
80 204
512 669
654 968
309 345
682 709
78 158
906 909
764 969
102 800
178 255
586 661
863 919
114 146
8 635
336 408
281 553
711 739
168 917
479 815
372 669
18 479
163 666
405 697
262 722
656 777
54 908
330 556
347 454
561 652
467 653
579 876
643 654
476 837
319 741
804 923
660 679
8 392
368 469
352 970
632 965
9 700
675 799
235 788
182 829
753 855
494 855
188 390
287 466
145 445
164 367
477 992
19 131
568 651
148 731
297 411
62 661
49 298
199 548
645 666
227 935
698 770
178 353
206 371
706 779
488 628
31 140
90 712
400 698
383 697
296 635
797 965
598 884
238 772
72 194
474 730
901 935
153 391
45 241
11 33
374 839
146 840
54 65
625 955
132 779
114 748
208 401
188 671
360 440
138 420
532 586
267 776
505 773
453 749
94 957
55 681
663 942
595 972
506 973
345 695
289 929
223 616
48 264
398 849
397 955
273 629
147 172
419 691
425 434
151 333
490 527
217 816
345 363
367 958
152 645
228 400
338 951
117 874
273 800
157 320
35 890
4 39
779 793
464 548
653 654
545 781
359 685
736 844
313 705
4 370
139 665
883 956
293 768
464 834
183 492
342 679
184 705
459 633
631 743
796 856
31 957
144 223
110 990
236 365
261 952
465 533
926 938
448 869
303 681
58 748
79 86
26 78
64 309
27 699
325 434
328 362
36 187
274 880
120 623
651 934
500 936
232 710
431 481
104 958
84 542
159 204
418 982
96 228
137 550
712 942
383 947
206 920
46 577
628 975
392 451
194 979
180 354
38 576
149 827
738 992
85 543
264 669
842 845
111 251
186 686
596 921
155 597
123 217
251 908
482 989
259 531
61 643
6 268
635 866
195 709
164 668
739 768
133 135
514 950
56 492
75 440
147 791
423 578
273 741
194 262
690 777
344 423
36 549
695 950
493 762
44 984
298 504
652 671
891 939
200 785
143 752
238 566
294 836
443 666
374 749
50 472
584 864
325 850
203 314
117 255
2 145
9 581
283 354
343 786
52 557
182 660
49 737
926 973
53 901
280 523
597 824
230 307
366 411
322 934
404 970
40 395
22 47
617 631
120 953
325 406
426 767
193 812
31 68
470 748
281 815
608 973
555 854
46 387
296 563
353 678
797 909
64 575
48 622
84 562
340 932
163 165
183 318
318 515
780 812
712 970
345 743
366 783
21 432
171 367
254 486
263 279
600 703
453 677
521 565
59 722
479 933
100 302
673 850
76 84
362 609
475 770
428 892
730 788
76 134
294 341
461 508
48 687
13 691
103 907
696 779
343 665
384 609
98 598
191 292
886 934
435 722
40 638
167 319
208 820
134 588
342 803
604 690
22 685
412 469
179 450
491 609
451 717
181 528
516 758
69 543
787 880
883 967
83 655
175 231
527 882
732 736
624 985
158 790
348 761
347 982
865 889
459 688
62 623
670 878
857 869
72 747
202 402
407 801
304 462
375 377
118 689
598 655
470 569
783 811
128 555
71 517
115 941
176 871
728 788
693 782
112 585
645 839
323 873
710 887
569 897
568 812
185 904
109 136
555 707
333 933
354 896
150 585
634 932
194 633
181 955
729 904
234 342
755 904
320 911
232 331
163 959
243 333
685 862
762 850
233 807
324 650
237 855
110 159
504 574
186 759
224 558
621 753
12 799
548 697
116 811
156 370
118 437
511 622
347 473
574 776
134 409
391 849
296 484
440 656
282 571
100 769
83 735
342 847
389 612
132 718
376 957
503 504
160 450
565 597
184 456
187 765
903 993
423 667
139 892
156 822
692 864
18 819
292 342
113 503
255 485
179 252
24 827
72 519
558 811
31 873
254 354
754 858
297 555
448 905
340 655
165 612
542 654
83 231
505 697
35 72
168 423
386 482
620 981
824 862
383 521
702 835
25 211
590 798
401 908
439 920
505 772
115 735
738 874
300 337
285 419
17 845
362 534
784 787
220 664
169 666
242 960
43 241
63 242
643 958
163 552
368 566
100 117
394 508
0 859
509 551
347 436
885 956
209 427
3 867
656 886
531 898
15 330
57 783
556 727
207 773
373 557
100 171
428 866
18 226
647 953
84 423
639 663
51 342
201 581
41 428
562 630
247 810
109 837
271 458
62 453
100 536
374 427
40 493
106 733
857 899
765 794
490 700
753 882
165 964
132 371
351 937
264 491
766 968
896 940
332 372
623 797
404 755
187 741
80 883
193 436
446 838
31 956
89 715
309 826
469 665
66 491
214 905
451 585
343 623
269 840
667 895
326 891
274 990
111 630
61 486
231 954
572 982
137 843
67 518
767 853
410 448
283 882
103 333
276 489
176 855
461 915
181 678
251 579
387 721
681 980
497 967
133 689
595 890
335 575
431 828
656 662
305 504
270 634
107 948
348 442
60 640
64 865
547 844
489 756
128 462
60 905
126 922
138 187
198 891
73 838
583 620
51 615
837 908
255 975
290 705
503 574
354 396
347 623
641 713
347 513
42 49
117 923
248 998
190 969
360 916
269 454
570 583
311 795
39 732
955 959
207 654
383 702
252 753
347 815
596 606
133 440
299 576
709 985
305 515
714 929
537 872
888 916
172 469
338 589
714 737
178 226
252 983
718 984
402 474
731 974
10 955
692 975
588 680
240 774
594 685
80 863
465 999
616 673
126 278
128 721
183 885
317 527
124 787
263 927
417 757
127 677
36 73
153 631
112 479
98 670
815 835
157 715
598 723
286 497
75 690
119 921
654 720
180 771
362 938
268 544
59 902
221 613
339 502
114 759
228 902
210 377
599 753
312 473
58 197
23 645
845 944
263 278
466 926
289 832
55 656
21 288
535 795
266 409
452 492
509 653
199 442
99 766
405 675
377 896
582 941
185 265
119 144
265 417
178 578
89 165
34 766
165 344
369 899
317 397
981 998
443 644
53 595
714 739
342 800
807 878
61 514
632 828
49 832
122 150
271 413
147 675
614 923
62 306
247 934
47 186
288 347
182 855
791 843
683 962
389 691
75 786
187 700
830 902
321 795
153 564
782 805
572 643
129 771
482 995
391 479
178 488
415 469
474 819
58 562
75 624
3 239
192 308
813 963
892 937
417 657
110 774
150 253
478 542
447 597
541 628
469 825
24 668
392 832
45 122
84 736
354 820
854 867
395 420
90 232
309 310
760 900
210 349
231 561
785 877
117 412
133 649
320 896
747 935
48 415
52 511
307 329
388 985
150 680
372 616
502 555
401 594
310 930
259 844
538 577
209 317
466 568
708 785
337 817
17 898
176 615
441 802
788 841
480 776
355 868
476 976
510 948
316 521
248 943
82 871
526 940
360 861
144 666
877 936
125 707
164 725
610 613
743 771
489 776
102 177
21 873
192 805
619 654
450 741
153 440
95 157
342 981
174 740
486 522
35 702
473 941
367 454
358 903
75 486
389 663
139 716
47 463
118 851
199 768
115 765
26 342
218 778
244 782
728 979
451 620
13 461
6 670
407 693
158 613
149 878
426 805
253 915
641 718
118 745
315 459
119 833
80 236
286 344
429 837
478 788
617 872
85 834
488 788
380 770
146 838
110 495
183 353
298 541
758 767
655 763
432 843
287 711
57 338
241 910
544 844
466 614
530 883
270 526
290 472
169 967
264 739
301 696
0 173
509 693
539 880
962 998
199 386
137 161
172 570
85 375
639 944
12 915
694 723
181 772
476 948
338 915
548 956
290 924
5 487
498 539
426 734
326 565
515 550
436 485
667 948
5 264
429 556
247 805
381 959
312 666
353 498
460 562
504 898
378 935
584 838
1 862
256 929
830 975
409 433
541 616
429 974
500 968
70 960
92 520
404 764
61 259
154 487
338 392
515 994
305 930
417 744
110 847
296 827
180 805
27 701
49 171
70 381
491 519
370 539
103 255
286 293
586 791
516 766
119 805
154 859
339 477
194 379
90 605
42 984
538 965
244 294
15 977
767 906
457 571
521 654
153 274
63 819
298 602
506 892
676 730
937 990
310 840
373 812
11 301
17 437
43 220
341 728
15 338
163 711
479 865
25 746
208 406
122 558
213 341
87 380
510 893
528 994
502 829
531 929
324 993
221 744
652 955
250 936
415 815
157 544
678 824
57 923
352 773
385 924
24 454
18 86
4 5
286 939
30 817
382 560
593 637
39 573
377 410
105 897
187 659
79 865
476 509
93 617
362 471
566 929
382 786
594 682
79 790
558 864
279 321
463 484
46 52
275 786
193 261
154 973
129 425
205 766
270 906
469 917
166 991
64 561
598 946
327 828
185 995
42 956
208 460
775 980
297 941
392 643
157 413
250 919
34 200
402 548
2 618
116 892
730 752
626 897
298 868
725 827
135 347
764 791
711 760
825 909
520 863
479 820
229 797
195 389
656 913
293 560
189 639
315 812
651 662
161 390
364 651
377 782
385 734
423 770
217 927
347 620
609 881
4 987
77 699
602 967
123 453
511 682
321 409
74 854
429 739
123 434
342 912
769 786
113 376
2 177
298 474
429 628
156 812
584 783
549 771
382 556
438 706
274 355
585 631
224 799
325 820
307 473
224 457
277 561
614 762
631 824
407 946
786 926
288 570
142 389
662 844
296 981
866 877
248 302
127 990
75 627
25 298
239 556
447 967
72 971
491 771
185 684
387 732
390 685
176 793
175 549
179 606
387 643
241 837
3 396
426 721
693 701
654 685
141 550
568 814
399 518
540 608
168 604
650 704
18 362
928 994
287 861
0 309
54 120
241 679
721 733
177 833
501 550
216 931
31 344
161 324
58 230
423 482
52 504
638 836
696 715
586 739
932 971
241 274
299 446
458 533
405 710
126 950
547 613
234 808
458 612
338 974
63 271
907 925
348 780
786 890
179 638
406 639
562 961
502 916
455 486
368 456
22 591
369 865
167 434
795 845
496 793
126 659
346 563
38 421
386 666
675 768
268 346
674 693
718 998
511 940
884 981
131 210
749 807
23 448
300 715
187 731
633 895
80 649
139 604
197 494
309 804
554 929
425 723
665 808
374 670
585 845
567 933
70 135
474 788
296 832
63 639
126 190
122 824
112 536
68 371
179 698
550 927
264 649
41 718
261 517
500 885
48 94
410 541
107 573
642 832
326 729
332 926
245 935
234 328
200 248
581 932
87 117
226 929
271 882
275 650
192 881
466 758
210 368
13 193
682 966
609 622
259 939
186 649
103 892
218 230
272 978
161 334
330 591
627 751
699 714
80 154
326 396
300 419
381 860
420 604
536 861
367 665
388 498
62 233
105 650
144 534
736 976
678 983
222 467
78 855
18 814
18 898
166 266
631 962
687 988
283 490
307 480
182 796
199 854
757 920
593 911
355 428
566 986
473 569
297 363
265 773
585 920
737 821
365 652
10 743
602 905
415 428
163 479
183 896
3 294
118 767
287 478
202 650
408 696
175 834
551 763
36 388
2 788
889 942
301 872
802 847
457 570
521 653
251 562
58 158
612 729
337 941
46 951
51 843
158 173
453 863
76 270
521 623
224 633
103 760
9 323
337 847
691 904
34 873
751 980
458 557
596 779
941 988
583 767
105 580
68 600
404 585
368 614
596 890
152 531
192 576
155 372
265 854
147 792
280 321
100 984
174 579
502 988
229 700
285 634
301 863
22 631
204 878
762 832
100 943
528 904
14 475
183 544
277 683
101 919
184 866
175 204
490 670
18 889
288 694
757 892
226 244
154 329
692 969
217 495
770 879
2 261
5 926
407 798
456 736
266 540
245 835
170 878
546 825
395 847
73 121
41 987
560 581
44 430
282 471
355 916
103 141
452 923
20 711
455 784
426 762
500 911
180 781
288 987
606 719
602 805
529 600
414 490
346 420
704 895
497 528
502 830
228 896
376 883
30 154
289 780
129 251
811 899
752 921
234 384
309 498
402 692
516 896
262 968
177 544
108 844
419 767
648 691
556 996
150 893
342 469
18 503
91 215
556 891
481 823
467 772
484 942
394 434
226 795
397 593
583 693
57 212
630 747
596 815
208 920
434 470
57 837
134 579
29 311
216 290
35 934
843 975
4 107
226 967
388 458
66 828
32 116
127 389
352 913
294 788
359 758
342 512
456 943
398 790
2 455
184 414
524 576
778 848
139 674
156 860
179 229
145 469
24 802
579 644
343 819
89 656
342 738
588 718
59 504
252 265
616 671
102 446
193 626
35 880
14 576
420 447
323 703
10 703
250 500
150 452
20 628
746 884
413 579
239 465
167 596
149 953
645 836
775 789
188 913
541 915
746 903
488 939
340 596
380 649
117 724
35 62
76 658
383 534
719 968
555 758
336 751
34 378
715 785
275 636
205 451
8 769
10 243
599 663
305 437
34 237
141 775
91 484
73 593
88 966
59 642
137 716
375 932
288 498
169 675
78 269
813 887
266 443
532 619
752 788
107 783
290 293
220 550
21 691
243 511
247 287
543 722
397 996
270 338
553 854
411 648
450 942
734 934
485 632
179 261
466 807
21 774
190 903
139 915
697 762
159 904
277 769
298 300
47 235
381 921
809 952
353 468
136 430
65 472
490 583
199 877
153 557
221 295
283 446
417 992
307 308
770 932
218 665
684 866
403 777
359 504
197 493
54 622
36 941
202 437
495 520
294 621
142 518
301 447
503 825
14 604
157 245
196 314
213 644
20 520
314 813
300 776
11 839
325 363
54 827
435 807
315 461
119 835
393 523
323 838
271 558
111 815
116 151
98 934
483 652
194 553
710 737
110 493
92 136
862 956
685 925
3 935
466 981
234 329
391 679
103 665
589 747
422 763
349 825
137 377
377 860
