1000 8000
506 568
214 377
167 226
61 635
171 231
786 824
894 937
281 980
377 559
490 886
346 754
312 958
463 601
163 397
252 744
255 667
477 653
155 393
484 555
174 774
212 445
507 523
164 312
154 370
486 647
735 816
593 799
387 488
173 455
504 866
175 265
291 772
364 438
684 981
866 912
26 219
447 905
379 975
163 478
37 505
150 200
233 390
214 968
288 833
608 694
516 617
118 623
269 551
550 952
292 920
358 393
141 621
426 569
577 879
11 65
234 282
306 703
20 584
55 280
183 327
918 926
564 758
289 976
272 642
772 795
828 911
45 499
581 705
472 693
253 368
510 641
489 915
900 986
318 468
156 407
301 666
551 830
293 538
226 623
43 111
371 618
53 186
700 843
355 958
428 690
620 993
267 756
52 70
74 538
493 980
185 355
137 192
263 768
268 942
513 621
386 545
316 930
388 471
192 752
100 985
139 987
512 915
494 561
44 980
652 667
458 488
255 268
60 302
62 484
666 698
294 715
425 776
135 717
307 364
792 992
151 276
524 786
541 876
671 717
728 909
106 865
295 745
63 669
432 457
92 419
97 467
27 520
847 967
418 903
612 777
229 327
914 915
208 462
211 693
488 878
231 526
133 658
685 997
121 672
379 388
612 766
725 825
699 934
42 367
316 753
445 979
462 947
378 438
233 617
397 592
56 174
293 655
596 808
320 611
561 667
108 642
125 572
240 266
111 505
243 689
463 608
320 402
674 973
114 702
134 723
156 789
576 969
394 868
49 982
60 220
31 595
622 696
861 896
398 902
4 281
244 902
247 525
473 624
313 991
135 582
637 810
265 860
589 903
206 489
502 529
870 944
486 937
184 987
3 353
127 148
840 845
435 714
222 518
225 290
110 615
115 207
171 673
2 701
620 636
145 818
681 896
833 953
336 383
297 911
245 961
391 813
124 758
345 711
368 800
313 935
634 787
391 834
160 572
317 468
128 424
8 608
531 652
204 412
349 837
528 730
82 576
158 373
284 443
123 133
267 687
217 840
15 334
63 265
167 479
481 572
320 510
318 400
17 306
495 556
255 742
661 725
385 986
189 212
429 709
14 481
637 768
183 841
536 656
95 303
100 759
504 984
675 915
144 857
403 833
594 737
666 754
101 831
93 139
314 712
545 672
50 254
3 204
206 453
425 610
266 550
309 964
182 370
457 849
758 929
596 774
497 765
29 630
440 619
612 961
331 683
577 898
543 565
3 648
906 987
86 619
529 688
147 469
310 867
749 950
479 616
471 638
359 903
592 699
275 377
21 357
828 859
116 549
375 824
694 948
492 628
509 690
137 457
363 737
556 828
885 952
912 976
61 747
428 862
450 802
144 761
90 333
26 757
477 563
92 886
109 176
277 804
26 612
123 380
394 828
4 179
614 934
575 676
112 660
446 616
153 520
170 598
304 684
47 492
527 950
201 820
588 640
93 382
115 730
39 888
633 793
67 863
28 638
68 435
490 493
254 386
239 554
49 827
374 619
801 939
554 677
79 194
11 23
193 859
382 433
535 587
461 830
478 868
45 191
763 982
33 543
9 858
306 557
881 883
239 377
945 962
231 741
113 602
167 893
443 509
37 887
30 207
954 995
612 731
341 555
220 632
414 840
290 362
141 766
477 778
428 540
656 967
531 821
592 965
259 534
207 884
263 754
493 661
472 734
125 535
125 648
511 691
596 747
57 521
903 916
170 296
675 845
528 537
13 223
100 726
74 479
312 552
187 660
204 590
120 625
532 892
495 722
9 430
357 733
822 953
235 241
245 832
370 856
296 907
46 59
598 612
693 900
664 694
222 920
25 508
98 666
118 729
452 901
383 751
594 858
79 166
228 684
245 714
31 67
90 653
676 948
272 434
24 307
106 403
367 456
150 422
51 907
293 842
405 860
275 402
157 267
859 913
309 496
402 690
77 116
742 878
38 609
99 661
794 927
458 764
369 399
367 908
462 944
485 497
582 929
164 814
420 688
557 605
531 958
152 625
502 911
52 970
490 990
398 869
499 804
134 867
435 553
255 291
32 852
325 817
139 565
202 415
40 78
24 851
315 825
316 395
412 918
418 599
199 574
718 730
75 628
371 429
278 971
693 920
129 281
184 988
5 866
597 760
92 384
746 901
755 881
367 383
611 757
231 732
497 562
349 561
98 883
176 201
341 641
15 576
436 683
458 943
480 703
34 90
825 829
609 726
294 392
96 399
595 935
357 504
197 655
129 999
152 256
102 516
195 354
604 990
143 194
381 681
643 871
592 909
384 578
630 757
761 778
561 646
514 968
91 979
420 571
44 585
463 583
705 847
271 332
94 289
117 704
726 954
86 325
622 891
152 875
286 998
527 812
184 924
519 797
593 817
136 654
504 840
309 801
369 674
672 703
66 706
669 866
469 647
239 529
365 822
151 351
45 952
572 975
679 997
405 464
712 730
50 801
201 347
516 518
396 644
759 877
116 145
348 781
287 818
199 910
456 842
176 245
86 616
241 465
168 857
78 252
762 833
211 989
711 812
180 660
362 531
73 988
539 967
223 598
24 184
156 397
45 131
324 747
0 161
462 633
46 888
216 591
968 990
329 848
471 757
78 521
794 838
172 566
734 896
200 695
4 783
105 985
104 275
180 200
918 946
312 832
204 246
596 720
492 885
389 836
528 784
450 850
218 438
97 559
795 810
632 888
9 881
105 792
504 902
485 973
566 814
5 710
544 814
355 465
322 698
641 866
338 388
175 267
496 760
541 646
11 647
84 983
482 846
434 770
277 539
314 860
478 587
157 738
49 473
689 747
102 166
323 663
182 206
292 922
594 774
836 863
985 986
435 946
147 326
157 437
34 160
487 638
881 963
76 555
46 587
785 809
113 554
116 907
119 500
267 955
363 942
4 546
262 882
449 665
808 960
458 729
299 507
15 463
700 837
475 730
243 550
355 928
360 778
80 823
226 847
302 520
594 606
97 730
302 635
319 571
359 638
446 778
916 975
406 661
812 872
118 227
71 219
143 766
47 598
145 749
303 900
714 829
382 903
18 884
723 969
45 589
62 629
183 707
679 766
67 969
84 900
253 539
309 793
183 880
404 515
41 769
80 995
452 887
440 855
165 598
278 927
707 763
465 644
176 881
432 459
430 842
148 511
168 469
82 135
70 492
491 569
42 809
421 798
409 894
854 856
283 853
497 533
867 947
175 976
73 698
65 762
135 454
582 629
396 946
272 736
863 952
298 864
55 868
876 993
552 951
377 527
975 991
562 649
319 923
506 638
33 102
642 728
134 292
359 815
233 623
246 423
338 998
834 995
686 896
218 332
133 245
561 746
507 870
118 587
511 854
773 917
131 716
304 952
319 607
695 912
330 728
408 998
243 977
778 972
511 948
533 782
3 52
408 644
300 626
42 811
75 998
314 562
745 856
244 823
400 951
532 896
58 575
611 905
226 505
165 586
593 652
34 407
44 284
414 442
144 330
110 613
550 966
663 721
67 338
563 633
395 475
34 377
328 902
392 675
160 719
193 241
132 685
237 663
284 608
569 726
189 701
371 774
601 677
564 607
638 840
200 446
467 948
48 754
600 959
12 789
713 736
509 541
233 587
472 909
159 855
539 649
27 477
352 850
60 515
186 834
29 280
437 801
226 998
423 512
191 548
484 562
201 572
130 736
424 477
26 433
415 513
201 653
523 956
122 393
31 561
714 885
37 224
369 720
580 896
248 479
653 982
122 504
503 645
145 327
112 318
169 393
149 169
374 658
47 296
348 743
44 482
598 685
126 162
163 436
231 293
770 936
447 628
658 673
80 689
292 871
332 692
64 718
232 608
107 672
20 873
291 954
712 953
396 532
258 597
134 711
377 846
384 995
439 519
135 270
68 819
752 932
470 891
531 682
164 897
186 661
134 349
199 377
406 829
209 429
367 564
316 554
65 238
7 647
18 220
420 600
350 793
669 923
111 252
624 682
640 655
353 388
148 773
398 802
290 891
330 956
256 823
98 176
351 774
951 983
19 536
689 716
179 222
257 632
408 764
5 934
338 389
46 178
247 759
286 765
344 782
550 824
24 908
741 769
266 585
448 892
452 796
421 519
267 353
407 699
63 715
93 800
645 921
339 480
413 953
435 949
479 680
577 876
245 357
324 411
327 996
309 361
21 421
760 961
764 921
257 375
354 821
267 954
52 444
8 470
95 638
349 794
99 635
0 142
803 930
868 909
150 964
155 554
122 555
103 924
458 553
420 518
114 439
405 762
85 278
660 768
367 584
65 202
302 521
620 646
454 964
242 418
338 805
688 712
123 429
83 174
278 481
333 842
227 475
304 876
244 334
40 822
485 724
196 953
213 773
485 992
14 864
165 994
300 655
77 623
47 386
35 458
2 257
518 825
300 542
447 857
325 618
417 798
183 883
274 941
101 710
72 980
434 807
37 652
112 548
131 746
334 487
157 630
474 647
33 584
396 766
153 471
500 826
138 261
174 447
50 633
292 526
140 586
470 961
607 956
918 953
445 669
46 612
159 463
327 601
6 54
29 975
38 615
667 711
462 519
122 732
176 412
125 983
77 288
834 881
302 843
484 938
583 590
12 961
867 962
544 710
262 633
89 175
790 863
574 998
557 748
220 307
610 957
322 449
288 337
307 431
313 770
888 950
207 398
377 439
231 308
130 319
3 55
304 630
398 564
177 704
835 931
6 692
157 249
286 580
567 973
555 909
594 941
6 583
577 665
300 800
136 833
37 527
793 929
228 578
45 116
430 982
389 443
534 697
715 789
555 568
177 358
581 757
324 354
772 990
419 526
264 717
33 400
752 776
159 560
158 221
547 667
342 501
6 316
635 946
584 660
33 242
19 67
564 732
242 264
78 674
48 977
450 989
61 821
817 867
748 913
356 614
222 395
773 793
904 968
28 192
47 100
895 928
463 788
139 706
670 802
840 853
507 720
236 498
19 620
684 862
757 816
10 893
540 615
317 960
585 880
839 959
697 866
148 594
735 766
166 687
357 612
603 884
384 440
585 800
371 571
427 634
210 902
211 419
563 694
512 932
180 850
59 87
339 455
197 813
188 544
392 753
48 83
712 954
91 343
201 443
77 216
261 401
188 663
203 654
45 395
587 868
289 953
915 989
111 126
3 939
82 656
599 917
124 507
364 554
186 658
155 577
526 624
548 708
73 485
674 814
397 661
246 300
212 628
269 475
159 987
271 317
147 771
380 426
5 481
218 317
221 531
204 839
28 181
514 716
192 950
692 835
74 422
80 731
45 615
486 778
478 858
5 822
465 525
12 86
615 952
102 213
505 749
602 773
25 251
606 837
202 695
498 595
131 753
729 824
121 317
488 600
162 265
115 795
810 985
6 926
323 806
234 247
258 647
360 624
427 772
306 699
937 951
79 402
85 721
1 98
534 738
202 843
24 103
257 408
113 697
132 501
573 953
134 175
856 863
17 947
324 713
327 666
129 557
96 568
177 793
56 150
260 480
280 478
635 890
786 792
214 624
313 410
562 819
65 201
234 338
329 684
477 797
170 388
466 971
433 766
804 987
160 257
390 895
32 843
406 501
541 582
355 463
32 954
421 728
727 896
49 281
274 938
684 949
815 917
546 818
93 579
163 510
430 840
341 542
20 716
594 857
131 749
447 655
699 835
288 976
608 965
375 697
819 905
110 213
20 802
667 717
449 936
15 617
220 313
342 728
393 801
68 997
34 53
293 984
422 692
243 377
301 617
722 807
829 871
868 979
138 838
176 413
290 653
8 678
595 746
924 972
431 684
56 178
609 794
686 902
446 491
23 146
187 777
539 604
89 223
125 681
613 724
299 532
726 925
493 726
244 748
460 481
464 996
486 609
307 430
190 601
191 736
196 926
693 822
79 835
170 557
120 656
83 260
507 676
439 450
308 947
417 825
184 880
370 891
279 355
541 844
379 907
486 941
126 132
707 729
116 346
59 74
449 874
9 14
161 416
487 674
749 779
526 997
150 470
44 173
326 759
354 920
10 252
521 712
289 924
181 230
57 424
48 357
82 866
441 954
372 742
121 930
570 857
369 424
406 791
378 470
584 661
215 745
91 935
130 813
8 465
265 454
660 825
347 590
666 826
325 701
29 278
657 981
35 841
271 329
276 689
481 673
134 691
598 858
69 618
17 455
147 708
503 609
70 844
307 394
396 760
477 838
139 709
382 465
662 755
244 998
69 285
183 773
369 679
64 435
784 924
527 636
508 642
261 988
351 736
282 409
451 482
310 315
572 970
222 599
116 510
758 933
27 583
270 981
177 495
572 953
295 514
296 612
225 322
119 862
676 975
492 940
139 995
573 577
189 908
617 849
158 921
681 992
42 638
387 877
525 559
656 674
289 975
242 873
335 720
531 575
253 359
113 668
738 981
815 895
86 841
214 370
237 819
462 636
502 697
68 723
4 891
751 815
898 935
385 792
333 578
56 631
53 323
535 963
755 951
51 350
624 684
736 982
847 962
152 987
155 396
799 879
361 887
109 829
298 412
687 986
485 970
714 772
182 790
554 877
459 739
552 582
105 238
515 858
199 733
205 864
196 613
398 749
723 780
143 859
41 993
18 650
142 590
213 675
606 842
362 958
414 865
97 315
447 763
177 451
54 907
550 780
366 905
115 139
297 954
64 603
854 930
86 536
278 581
34 191
261 324
188 692
496 557
100 307
251 697
333 444
431 628
829 834
663 826
781 991
194 859
164 935
371 625
53 133
8 863
354 388
751 835
601 767
475 588
523 570
281 955
212 649
189 546
329 595
660 753
527 533
27 308
464 618
28 107
412 458
17 510
436 448
147 655
683 833
499 844
80 410
133 416
490 521
291 632
421 485
10 976
100 548
653 826
191 719
412 744
753 790
348 750
277 550
614 721
101 994
541 581
191 860
214 922
640 826
1 556
701 927
244 990
425 668
118 819
219 744
212 975
740 842
301 386
151 746
264 384
384 498
130 234
41 989
900 937
225 281
447 654
283 953
158 823
215 418
586 818
145 952
612 822
577 989
780 854
124 632
629 993
300 499
393 727
540 669
177 376
505 859
181 272
440 662
205 426
135 451
251 724
0 78
721 916
99 520
85 613
211 918
531 631
402 705
302 990
12 876
215 855
109 304
61 589
247 422
161 415
117 982
354 424
246 304
584 713
311 826
807 913
338 884
87 639
618 891
342 939
473 808
136 804
476 665
826 876
787 891
718 909
136 263
89 361
161 948
593 969
944 969
222 711
653 943
248 772
46 232
417 824
176 641
123 868
606 883
20 626
737 992
754 958
3 356
171 753
732 829
21 136
478 657
297 858
349 668
280 957
63 914
500 792
305 350
0 268
272 545
738 748
104 720
109 884
102 734
161 232
306 979
419 560
459 463
116 974
63 193
428 450
410 853
86 802
415 676
8 756
371 696
548 674
411 654
428 736
4 791
338 627
89 137
472 831
678 851
658 837
42 241
190 905
622 908
164 556
184 354
75 869
187 901
243 769
191 545
319 636
213 217
91 757
485 981
71 156
623 659
292 351
165 983
238 759
265 897
507 722
59 429
532 816
2 199
12 572
460 891
120 796
473 704
371 397
667 840
227 977
158 621
303 524
758 954
211 421
272 367
797 987
393 525
323 844
474 672
220 476
814 858
525 733
106 471
72 91
242 791
138 230
204 651
10 145
211 624
654 946
125 202
0 391
668 846
595 982
86 735
626 960
453 868
42 657
381 386
196 416
298 950
6 399
708 893
547 697
60 955
90 184
682 848
280 452
657 662
103 970
660 879
330 630
882 907
475 611
21 947
373 564
325 689
587 674
678 895
637 805
60 546
441 544
138 841
299 718
8 695
0 737
22 610
193 240
191 581
35 757
697 704
117 337
173 543
350 457
465 865
688 924
395 634
72 733
1 711
588 701
183 763
443 854
5 931
341 852
340 470
151 270
615 954
306 452
75 641
23 929
962 975
404 824
484 494
49 191
31 507
336 685
30 161
893 903
505 958
937 949
107 943
509 783
516 939
742 839
13 360
487 856
920 931
225 809
46 809
461 699
587 915
345 476
124 958
88 634
252 437
604 898
39 497
226 728
446 461
138 898
311 977
76 122
8 490
804 853
13 615
434 444
186 889
504 712
360 556
843 937
607 663
41 503
353 421
8 200
209 825
653 680
144 734
14 418
821 978
610 775
352 635
49 573
231 269
695 727
381 885
745 901
709 738
409 913
839 867
142 433
273 326
274 537
580 849
727 898
415 504
239 740
75 591
461 618
408 586
38 83
549 743
70 198
157 706
111 655
172 257
245 725
688 740
491 573
241 802
771 927
278 765
7 465
329 551
379 700
729 777
716 853
276 406
189 947
153 325
380 834
21 79
261 471
281 425
211 552
642 887
161 195
396 942
293 966
241 413
371 814
815 833
318 363
785 922
96 599
538 626
11 478
363 799
548 655
315 804
337 684
123 255
95 737
96 693
27 501
73 688
414 587
199 211
238 783
62 217
381 797
333 922
743 871
65 68
467 472
359 670
422 765
610 952
773 802
524 599
160 303
58 886
476 521
57 665
41 124
562 646
356 675
849 946
101 773
179 795
573 757
680 980
198 210
408 567
745 754
27 863
447 894
283 713
156 633
585 857
32 567
128 694
398 682
210 782
68 496
732 911
533 586
366 757
101 584
887 889
158 641
344 743
763 804
430 981
201 307
422 869
115 213
120 189
177 266
91 332
54 112
171 308
305 430
474 495
275 754
721 870
25 799
391 696
198 926
333 489
190 278
263 386
587 970
203 965
708 794
391 606
51 569
643 989
0 841
517 828
475 745
547 621
52 149
234 784
643 874
146 430
256 402
406 900
463 733
137 177
30 708
14 201
363 537
130 986
717 822
187 791
117 602
138 557
456 788
455 478
131 316
230 375
1 984
330 900
257 974
490 590
87 864
40 964
136 292
545 600
379 974
273 381
633 775
11 513
455 501
456 720
70 225
594 618
687 968
460 884
248 338
236 659
628 701
524 976
269 683
387 945
284 819
746 994
159 221
630 660
497 576
208 509
387 990
500 893
728 801
379 612
311 938
72 92
152 904
391 783
86 621
348 424
222 618
816 986
711 811
214 257
113 658
393 968
251 780
540 544
794 976
246 513
137 499
376 767
730 978
17 613
334 389
419 781
350 995
385 749
445 789
394 629
437 689
167 360
209 562
51 307
53 321
437 546
26 767
78 812
74 707
553 605
161 529
782 968
584 847
623 694
204 544
107 183
288 523
92 513
308 966
5 930
524 662
437 533
13 407
508 817
731 743
239 707
97 238
336 866
26 34
550 721
295 706
222 934
57 980
512 788
529 842
555 982
278 871
82 156
174 308
512 899
569 854
676 926
399 721
153 511
542 611
357 871
249 614
287 908
21 48
578 783
707 945
195 229
197 927
559 929
15 647
422 972
385 446
578 977
320 961
284 676
17 807
234 551
626 997
220 630
155 945
474 515
690 882
99 716
454 542
790 964
259 540
62 83
584 687
591 820
189 308
337 609
212 651
53 421
494 585
360 557
415 935
481 751
632 921
338 688
252 634
628 817
593 594
45 567
49 572
361 633
1 689
38 372
39 901
830 912
247 550
359 424
896 898
662 697
93 479
637 799
474 805
18 531
245 434
282 428
31 811
184 966
221 357
180 642
555 818
292 852
672 986
175 761
533 791
590 728
261 564
284 891
712 870
729 776
128 791
275 616
263 410
103 504
430 664
128 134
850 927
105 236
108 821
113 713
129 876
112 996
224 686
65 622
211 920
158 241
113 858
534 636
350 665
168 933
103 815
307 582
99 744
262 738
530 594
234 829
609 799
320 634
213 481
160 211
311 820
57 845
739 809
170 468
43 878
70 581
159 924
200 835
420 924
405 608
8 22
49 894
687 815
451 975
888 954
486 759
13 253
74 509
240 973
459 685
263 605
351 370
697 985
58 585
67 797
455 974
201 208
554 724
650 919
50 823
236 590
76 827
331 802
461 879
228 590
110 622
575 878
461 960
393 608
76 537
228 940
668 868
595 828
318 693
449 570
357 401
360 395
876 947
186 267
546 689
264 753
85 519
293 586
8 758
525 891
198 697
53 74
368 660
260 276
142 784
240 478
682 781
373 606
501 521
319 664
14 206
307 832
420 545
666 825
152 595
687 749
464 677
29 275
364 902
535 553
28 173
382 742
398 843
91 759
489 820
305 577
92 911
313 802
64 232
339 798
299 720
87 976
236 494
403 785
11 512
486 866
641 905
418 514
291 784
454 460
577 975
245 505
212 246
288 718
261 985
176 687
309 973
274 768
131 665
116 505
728 763
129 488
2 918
88 160
483 807
64 707
232 613
16 870
54 930
55 415
77 323
661 781
681 997
223 702
634 975
581 836
436 661
119 494
531 576
586 701
310 789
424 836
462 720
526 709
146 753
241 309
226 579
319 990
161 468
471 755
304 783
526 999
104 138
261 415
660 873
61 740
450 829
308 387
420 581
108 336
38 111
208 646
397 452
329 406
153 608
56 559
35 580
477 935
350 463
389 753
153 898
504 874
823 868
70 73
760 791
438 941
275 306
417 742
234 505
75 562
253 331
10 639
2 971
554 684
645 883
210 527
233 287
250 679
608 829
241 772
2 890
793 925
225 355
107 643
881 884
76 722
681 944
167 741
81 876
228 917
64 606
375 582
140 675
362 863
293 863
93 733
116 866
369 711
300 409
360 436
90 837
310 838
607 980
355 635
46 956
621 908
679 922
169 739
276 833
43 214
71 469
582 813
553 773
509 623
203 908
76 150
4 715
315 794
51 624
76 229
151 533
725 752
639 862
195 689
33 190
481 524
333 611
561 704
640 753
454 825
442 913
316 954
669 890
263 905
657 914
397 407
145 198
275 655
579 629
304 865
450 547
37 65
312 576
120 521
373 985
50 460
378 961
183 680
204 581
409 411
541 578
28 443
670 894
196 565
123 639
102 355
296 995
79 792
248 284
486 810
199 595
216 568
611 915
79 905
390 556
41 962
228 708
29 252
413 630
76 906
684 727
426 739
767 882
496 855
776 873
928 976
326 956
586 896
188 792
612 896
431 884
620 679
24 472
82 306
46 617
197 515
94 865
535 877
120 496
410 892
295 674
630 966
314 400
377 796
211 776
407 478
315 806
105 414
124 174
91 863
587 671
43 865
83 972
415 819
19 264
576 731
423 538
18 219
86 304
579 593
139 844
636 902
286 909
218 539
853 950
782 897
277 583
387 411
300 616
62 539
283 346
784 805
10 417
22 660
456 694
465 568
122 337
451 637
802 965
133 261
81 744
118 653
139 264
488 758
349 503
98 697
390 667
533 851
495 834
637 757
672 999
81 795
185 773
183 278
6 245
577 815
345 719
327 939
707 793
558 693
121 836
91 108
203 630
534 686
261 346
320 778
393 978
363 876
107 774
0 220
385 534
663 895
263 525
472 996
649 770
517 826
243 631
405 716
394 607
165 400
260 420
472 770
595 887
312 939
5 392
62 251
66 230
194 467
329 616
476 713
113 129
403 709
652 708
100 921
726 957
104 476
251 287
86 638
182 927
595 794
377 485
503 637
485 978
70 832
952 985
348 546
443 734
409 418
134 977
89 330
217 445
69 441
45 655
248 485
287 342
79 976
451 601
474 794
24 549
151 340
10 600
49 438
106 161
1 267
76 969
242 949
23 926
732 796
698 924
148 445
409 911
215 359
202 638
127 185
232 501
487 595
346 357
721 823
578 856
81 144
483 516
140 527
107 964
42 525
668 841
171 419
176 379
153 956
4 577
816 939
62 78
156 415
419 702
21 734
403 846
506 688
43 61
273 753
524 690
790 937
579 890
114 367
359 595
109 168
274 511
334 823
647 962
32 181
342 982
649 810
178 242
195 784
456 528
203 269
846 939
23 510
156 669
3 114
28 455
74 133
352 486
157 842
693 936
141 305
296 806
323 490
482 529
155 747
529 840
20 565
280 730
109 453
282 360
783 996
440 928
776 846
318 897
194 659
54 911
388 727
244 297
390 397
871 892
287 799
77 247
21 272
635 674
449 737
586 734
99 609
405 546
82 625
489 625
327 657
347 383
920 981
604 925
44 336
406 979
29 184
125 559
454 943
882 938
13 612
416 914
596 755
173 862
156 940
422 824
666 993
298 493
69 558
251 455
291 973
718 804
260 944
156 737
35 496
294 595
447 839
229 301
23 224
136 988
178 331
346 660
679 981
421 549
228 709
67 577
488 554
253 886
185 526
706 836
231 803
625 796
353 689
375 692
391 947
148 228
301 834
234 359
886 895
635 721
375 986
209 588
587 850
362 707
552 559
681 845
703 776
375 843
233 822
361 864
0 241
478 989
170 176
225 955
454 632
351 384
498 884
32 416
108 763
91 975
437 759
61 811
69 736
280 952
717 992
178 189
5 292
571 979
4 236
813 882
446 601
360 666
593 956
649 866
184 581
527 833
36 812
95 323
481 491
218 826
205 804
44 614
351 634
357 761
728 963
356 908
32 586
399 964
491 879
112 408
296 879
447 968
412 557
728 737
710 977
732 825
115 809
296 653
315 443
335 820
746 909
103 312
25 194
91 321
48 372
318 552
86 580
267 794
682 695
440 694
314 339
133 765
525 919
360 397
492 762
863 901
114 132
247 352
216 716
364 572
146 651
272 850
574 731
223 395
354 614
405 602
337 892
241 357
414 904
570 866
187 289
320 553
265 824
233 588
756 952
78 676
142 680
209 612
411 928
907 999
88 851
514 883
155 423
105 804
142 163
326 332
329 504
813 854
623 671
40 244
202 494
359 413
684 852
80 644
154 407
452 656
240 890
602 866
602 952
396 463
334 894
117 189
10 601
508 526
647 667
201 242
475 511
645 797
689 869
853 986
68 358
421 846
29 589
26 816
306 574
478 768
281 324
448 723
754 898
949 957
110 507
76 575
116 776
23 748
210 309
157 346
517 746
681 884
59 696
501 951
251 656
509 728
119 409
217 657
324 723
556 934
777 855
255 990
328 613
57 169
739 901
132 317
544 661
686 848
191 274
104 302
303 436
76 82
351 472
235 563
74 639
523 610
543 879
237 370
187 933
83 628
289 553
123 375
1 825
351 783
208 535
304 726
386 996
44 776
649 954
482 503
101 505
217 408
2 308
157 984
658 843
455 493
116 313
727 875
693 951
45 172
269 891
326 884
628 668
351 707
374 608
236 513
632 846
280 731
27 550
448 529
370 414
131 516
546 637
625 960
702 872
370 497
893 899
551 637
629 953
564 760
654 914
823 873
609 677
318 371
500 626
284 679
157 175
552 963
57 395
149 443
122 707
600 975
556 906
260 351
108 457
169 899
223 336
761 857
151 900
194 489
345 710
90 310
271 287
38 62
743 895
504 716
218 402
683 836
406 685
299 959
766 823
86 389
38 280
45 564
100 545
506 708
40 204
39 902
499 625
120 634
106 949
41 78
107 925
496 653
662 815
81 642
93 123
290 432
124 919
110 742
76 786
853 914
95 551
167 922
416 550
150 460
427 713
395 439
93 654
521 837
439 934
833 939
37 955
103 501
327 961
399 468
242 859
538 860
685 987
449 595
621 989
142 622
823 845
609 705
208 230
393 948
211 925
142 537
694 986
259 863
349 887
592 779
425 500
442 996
76 336
447 858
243 522
192 520
459 562
263 713
549 580
933 997
165 806
144 570
218 455
43 752
216 220
271 480
431 726
437 904
60 341
23 323
425 944
243 985
100 630
448 511
117 182
341 364
217 310
403 905
131 430
356 687
50 494
499 651
849 950
558 942
35 495
382 826
389 537
247 467
187 312
11 630
660 901
213 516
253 567
839 976
308 808
537 738
560 653
879 980
182 364
827 889
266 923
452 994
149 974
22 436
448 601
309 648
280 898
413 890
197 963
98 776
29 650
301 933
768 774
110 335
572 608
573 793
391 692
141 909
385 507
742 771
159 569
419 644
97 434
501 756
374 941
413 446
252 394
207 902
171 244
635 843
467 813
362 442
414 536
384 603
363 541
74 600
19 185
477 525
338 853
306 606
200 866
294 988
167 422
191 556
138 696
769 842
365 489
511 641
443 611
117 376
647 873
537 819
554 883
173 583
308 363
430 462
123 584
435 869
239 826
40 132
41 237
98 390
411 495
6 760
173 361
598 913
72 900
219 727
37 458
844 974
222 974
117 188
192 365
249 876
306 477
810 861
82 180
563 703
705 972
97 273
45 81
110 521
326 698
728 743
54 80
232 262
305 462
859 931
453 734
241 456
336 484
300 327
114 169
86 382
263 482
67 229
125 807
61 543
479 880
480 946
691 952
381 526
725 729
172 559
472 881
19 100
57 793
373 575
581 872
907 949
485 641
415 830
426 461
165 259
114 365
78 816
356 434
341 450
535 590
153 756
744 859
891 924
584 996
89 394
252 594
697 715
511 999
347 846
95 228
13 177
308 595
813 970
351 927
135 738
173 427
523 976
46 619
88 253
143 530
236 461
265 817
254 313
142 868
723 786
306 366
131 873
81 583
101 396
118 360
444 710
275 592
521 808
79 490
11 122
506 798
20 900
172 207
422 643
583 819
230 658
927 990
272 780
76 258
694 878
384 741
496 647
474 864
618 732
657 740
198 644
15 470
226 725
118 431
119 130
864 914
213 442
70 605
238 999
367 705
152 910
743 894
65 115
14 52
91 643
39 675
26 590
670 990
189 604
494 687
188 494
120 524
446 562
69 445
145 485
38 360
465 832
718 853
294 593
365 868
336 834
260 720
746 757
16 116
269 670
59 182
139 382
419 831
505 658
296 808
128 892
145 946
374 879
175 874
791 847
1 19
112 826
577 832
85 781
560 618
642 796
21 449
192 564
582 610
0 68
772 994
685 887
132 464
738 919
273 400
445 631
263 554
437 467
461 493
281 895
346 927
221 769
338 991
535 912
131 438
556 653
61 809
152 635
27 377
209 638
29 267
489 798
717 926
313 552
42 150
373 664
618 869
30 911
535 630
799 813
88 919
235 792
244 538
295 979
41 240
770 839
222 832
407 822
176 552
139 444
276 309
149 747
649 723
141 375
126 143
533 597
326 957
330 432
404 927
22 474
710 983
658 690
205 661
667 896
516 699
279 719
916 962
175 782
289 843
73 716
148 250
59 801
391 899
245 982
430 696
497 953
311 731
171 440
45 415
284 633
121 841
472 713
290 454
342 973
419 566
690 701
29 939
581 654
124 495
342 402
310 956
600 904
655 824
158 352
397 536
489 591
73 776
403 571
94 525
158 960
114 503
420 852
377 543
160 243
198 607
678 853
807 947
285 901
127 476
442 852
294 989
52 807
329 510
244 719
787 925
79 703
425 828
508 955
114 951
120 691
253 617
168 233
22 132
558 826
122 368
178 446
532 941
226 402
46 121
84 820
280 705
883 965
16 203
197 722
188 585
559 682
693 740
215 352
901 919
59 988
171 646
617 858
780 788
49 230
488 770
56 582
148 158
6 212
279 832
29 877
128 476
368 839
223 715
100 262
392 471
360 491
20 199
459 481
29 953
33 123
414 859
517 906
789 885
367 857
761 978
703 979
300 544
318 439
267 631
531 802
273 758
509 568
424 614
5 55
246 693
838 841
894 981
389 825
53 332
66 325
222 333
190 943
251 335
235 706
40 948
5 378
282 913
419 860
50 341
809 896
575 681
692 843
183 576
585 892
518 955
597 978
641 888
154 489
284 326
637 886
451 681
179 854
171 806
679 818
149 803
131 872
101 570
728 812
602 781
14 951
277 306
426 779
121 453
750 792
110 699
166 941
210 245
249 617
555 747
115 144
208 478
577 891
621 870
287 792
220 301
516 770
228 864
45 342
449 629
251 705
103 147
94 905
479 945
760 825
121 769
146 702
539 957
665 746
565 833
267 514
643 907
272 924
609 901
233 633
270 278
592 944
783 930
78 627
747 896
877 977
803 946
143 445
312 923
561 708
468 762
380 478
109 248
332 345
481 625
504 718
104 392
235 686
622 846
695 902
610 942
347 828
347 739
302 496
72 140
95 991
562 668
134 781
533 769
633 849
64 212
173 398
521 969
183 725
97 156
499 736
524 695
288 667
54 546
382 879
2 137
371 474
101 717
157 811
598 627
235 379
589 872
154 239
162 690
783 852
698 992
261 686
500 793
421 772
577 982
262 264
607 790
208 640
833 937
64 958
376 896
379 547
94 986
439 977
287 653
699 837
400 625
216 755
103 725
626 770
110 147
150 583
132 352
704 923
66 508
48 607
739 991
95 904
540 779
490 946
566 885
576 735
283 495
114 627
464 589
174 616
588 910
580 952
528 993
66 928
766 849
86 423
325 917
53 678
350 504
80 524
173 609
144 873
112 189
240 962
666 738
173 498
196 533
257 959
404 698
98 339
266 679
316 922
636 727
253 565
308 952
496 570
280 631
387 701
418 733
827 891
577 656
550 621
41 691
365 541
260 482
266 872
710 871
586 849
367 384
180 613
132 768
387 889
7 64
949 983
785 862
94 950
9 420
94 773
281 581
355 695
781 911
822 997
364 575
0 208
128 389
368 570
789 848
441 962
561 977
600 905
394 456
324 521
422 426
216 493
351 481
155 666
605 926
498 998
230 845
433 685
87 536
222 481
5 261
338 738
123 364
291 680
160 784
331 347
460 573
636 934
61 159
192 978
49 639
42 996
17 217
382 965
257 618
130 280
335 465
174 977
788 853
460 882
64 395
376 397
106 794
1 414
58 729
455 937
347 409
505 728
303 533
931 980
110 813
288 777
221 236
267 460
641 735
611 653
340 637
487 766
401 995
326 696
521 818
28 978
124 703
468 614
521 643
85 708
410 670
341 682
586 599
516 958
449 537
253 383
35 983
46 788
851 995
204 436
540 574
29 63
378 387
381 661
128 272
384 650
42 442
406 971
171 210
715 949
699 728
95 947
27 435
299 694
713 996
739 868
596 731
522 706
521 909
26 616
333 860
299 596
170 459
325 988
71 232
218 556
593 616
614 850
217 364
188 443
288 513
136 597
250 351
299 568
1 585
348 800
165 726
411 898
64 407
62 678
50 150
89 580
533 539
19 881
519 536
206 301
334 358
192 331
732 845
235 303
128 995
475 476
81 581
724 793
174 615
193 942
396 716
70 511
97 307
430 557
214 746
487 738
698 815
44 109
284 924
160 658
140 600
0 459
430 598
120 362
362 747
453 688
348 394
261 269
210 423
197 699
152 468
358 966
419 862
5 153
264 797
263 593
33 192
74 956
475 727
441 875
62 85
428 679
485 594
194 484
30 518
57 932
248 869
122 130
198 311
736 906
113 333
469 537
193 213
286 922
347 940
494 685
904 905
10 984
9 747
723 978
541 605
88 219
417 955
640 818
150 704
723 835
465 983
541 718
391 491
503 839
469 723
128 673
153 786
61 425
580 751
357 594
157 252
31 785
205 542
41 965
261 796
210 948
266 994
283 512
215 453
325 389
336 610
447 694
750 821
128 894
440 576
582 664
478 844
2 714
506 816
264 588
542 867
564 735
234 498
475 996
95 567
133 790
595 919
210 395
393 953
0 245
119 322
600 942
6 334
349 886
90 503
146 325
705 722
55 626
263 714
218 339
344 795
493 939
781 960
423 896
138 560
52 990
294 951
178 852
326 976
145 165
753 968
100 625
285 705
218 740
151 248
355 389
507 718
97 846
60 182
300 613
619 833
726 743
257 958
356 904
322 872
926 979
283 639
361 371
241 997
37 420
884 889
429 442
323 715
15 769
399 742
681 721
225 317
617 723
853 947
250 728
720 740
572 797
223 819
237 659
81 175
387 888
410 699
287 723
552 608
136 241
475 960
86 826
604 803
453 793
864 912
920 994
445 921
122 518
48 749
655 826
682 868
96 761
78 569
781 880
363 641
553 977
26 883
338 961
104 291
539 563
481 591
743 819
100 823
11 236
624 697
273 955
660 689
511 895
94 301
83 716
464 554
708 709
308 715
8 135
744 753
123 732
17 79
257 760
888 988
161 872
849 919
176 908
335 464
283 317
50 96
213 948
225 379
568 669
279 297
192 241
18 597
58 742
460 962
353 705
349 470
330 807
405 484
172 305
101 405
162 763
594 790
560 906
153 484
909 997
90 585
573 600
249 572
270 764
107 554
76 571
432 891
141 861
264 516
634 824
332 883
155 938
337 963
513 960
128 354
276 794
704 853
583 635
747 777
351 439
885 907
686 852
85 263
181 788
807 960
333 633
377 569
363 506
381 877
27 102
385 896
282 620
446 608
92 843
311 747
369 830
359 735
514 706
622 803
515 679
916 942
188 453
99 226
182 794
144 803
74 428
292 379
554 850
350 433
430 489
58 920
40 99
31 943
13 400
73 253
18 550
116 261
33 863
111 514
222 937
55 219
130 142
701 709
231 826
79 326
542 618
146 779
54 896
388 732
577 889
301 857
12 396
149 229
427 911
284 524
401 744
309 495
910 923
125 855
169 741
578 603
1 514
46 817
530 726
592 803
829 970
206 571
350 966
173 951
100 233
686 880
582 961
243 675
40 515
848 874
942 996
265 662
596 623
173 746
32 214
136 560
3 246
501 839
203 351
278 367
532 658
257 544
203 300
386 964
117 430
465 837
250 257
404 552
157 952
206 415
723 819
151 298
254 427
317 655
418 806
365 899
519 652
27 518
106 117
550 982
497 688
3 529
751 770
380 747
52 999
918 965
577 837
10 206
160 703
76 579
24 478
97 411
409 612
194 914
360 406
582 609
87 93
721 899
336 431
256 638
517 959
419 748
39 175
223 402
155 914
525 848
316 647
154 402
33 227
489 993
74 977
557 592
27 461
548 917
329 741
583 865
216 305
330 465
337 600
420 923
368 476
242 509
522 667
27 235
178 853
51 225
40 910
238 625
338 864
183 533
295 562
187 606
23 460
373 639
140 360
98 510
342 844
311 358
153 892
61 347
391 462
193 579
953 997
148 577
24 975
297 573
706 899
240 561
149 857
483 931
210 921
174 260
250 630
474 546
76 818
79 137
29 612
512 578
77 344
663 689
477 478
23 598
289 840
287 845
436 521
111 905
383 916
349 516
634 946
86 601
174 670
211 972
474 723
587 885
738 967
150 697
175 821
51 656
103 763
38 958
220 565
298 987
704 842
337 887
121 936
252 390
38 777
761 932
191 229
307 984
147 899
424 540
721 887
360 846
523 637
363 430
53 486
312 800
812 917
1 882
194 348
322 393
485 843
325 998
382 745
192 933
87 888
255 458
72 473
614 775
670 809
89 332
36 845
735 973
494 981
136 699
176 632
545 705
286 653
782 790
344 830
41 866
741 785
334 665
157 229
575 842
597 654
12 52
31 232
123 795
572 988
274 891
116 448
79 252
836 985
413 568
201 326
332 680
475 974
48 255
211 285
479 696
621 895
358 367
362 866
73 749
400 587
833 919
466 964
90 872
419 582
107 804
349 772
157 198
270 543
772 933
59 556
33 424
9 343
483 488
391 549
924 927
63 125
267 616
510 886
225 998
12 956
414 632
865 994
406 952
873 893
375 477
363 509
143 459
536 941
39 298
13 434
669 879
874 899
55 598
74 715
474 810
429 539
231 403
105 494
369 910
722 906
84 151
2 414
813 966
264 413
53 781
311 313
246 628
162 971
300 957
151 745
80 899
282 451
505 762
151 516
569 862
2 885
353 687
50 585
107 632
73 312
326 666
335 920
255 935
68 101
309 381
479 557
402 961
55 793
462 800
54 163
220 735
561 829
725 935
194 849
609 922
354 555
834 865
63 401
30 362
324 579
290 751
293 668
686 881
217 914
57 825
20 427
63 375
109 245
97 725
756 876
423 623
433 747
695 899
352 901
518 632
98 249
182 857
94 117
5 748
392 892
196 941
782 940
164 323
378 827
201 962
697 965
114 849
617 674
58 510
550 666
22 67
44 527
597 725
193 535
853 866
667 779
7 298
50 779
14 918
516 572
701 744
79 180
211 356
249 665
233 252
366 960
93 792
296 550
188 524
559 623
563 616
278 613
391 903
497 913
918 949
392 515
125 137
396 935
73 566
609 708
350 758
371 825
815 840
122 217
154 721
79 547
453 803
789 825
100 424
411 527
234 658
199 420
422 539
128 299
367 914
333 734
264 827
813 852
433 932
52 186
381 562
535 831
60 669
180 230
643 646
75 504
197 634
22 705
316 998
243 702
65 162
35 854
274 430
5 302
78 876
1 971
278 409
904 984
504 604
268 679
308 608
37 110
610 800
61 120
465 791
282 839
688 974
217 426
398 913
307 502
304 610
305 831
412 629
792 971
575 960
117 163
926 977
50 860
452 856
239 624
293 972
7 270
811 891
763 846
103 161
22 329
196 468
897 927
810 900
25 196
194 725
563 580
158 936
242 745
188 647
176 199
197 607
200 205
772 819
595 964
985 992
946 963
521 582
431 631
789 861
357 379
696 843
164 993
61 615
885 949
781 878
178 645
307 987
441 673
522 858
468 718
434 490
587 688
60 528
62 226
709 877
507 785
795 860
562 577
584 973
252 587
22 975
60 374
188 291
30 894
142 340
476 486
459 752
443 727
171 541
416 557
45 648
176 633
122 269
9 500
474 882
365 663
280 551
926 930
784 919
73 80
92 340
74 251
331 664
206 468
303 534
590 638
82 177
96 125
637 948
767 819
73 259
58 425
96 236
814 864
175 814
141 714
237 629
292 586
223 678
150 632
318 718
300 429
146 967
112 981
190 388
154 742
158 166
531 584
259 582
725 898
526 717
43 815
38 987
294 305
12 814
180 440
56 134
94 578
77 784
423 868
82 934
217 949
609 863
385 789
632 680
248 989
204 228
389 950
691 714
85 103
226 869
507 829
164 586
368 485
498 664
840 927
605 641
57 623
215 314
105 923
202 231
813 965
303 871
16 367
770 920
524 655
193 409
411 462
179 858
236 345
260 761
12 74
732 985
129 290
150 216
474 616
202 699
279 557
569 861
166 929
150 314
239 736
68 215
50 582
163 189
491 728
189 933
154 984
301 855
269 360
376 983
233 946
620 714
705 911
133 430
157 169
59 587
742 972
66 357
30 472
68 683
509 615
185 401
8 238
25 760
363 698
534 843
636 926
148 977
384 536
648 885
522 786
82 797
47 861
468 774
394 737
84 470
726 909
194 274
445 647
778 986
891 959
753 946
330 965
421 490
114 620
499 966
5 747
217 333
148 841
26 365
47 401
143 994
224 430
226 372
140 164
801 870
533 715
491 888
74 160
644 724
496 530
116 283
482 605
32 660
355 429
349 491
253 783
36 203
55 57
572 901
124 540
14 774
73 330
202 558
258 716
776 785
617 645
319 501
168 737
287 760
315 739
707 805
147 282
384 952
132 590
8 628
162 897
86 797
453 802
20 251
21 686
224 534
388 871
172 974
328 596
8 338
747 979
472 959
476 991
151 561
613 998
100 143
104 202
511 759
26 653
317 410
82 769
855 926
91 629
523 672
381 439
344 407
164 386
260 893
498 672
9 699
265 513
30 771
184 431
503 518
512 876
624 973
566 992
71 322
247 541
13 69
16 439
594 636
631 699
148 616
117 162
267 343
16 85
127 857
168 272
97 414
720 854
28 804
413 594
12 18
36 239
129 411
681 726
84 755
430 995
34 280
110 631
132 893
386 413
444 574
249 549
453 595
220 354
276 444
43 475
427 952
103 535
859 861
72 441
254 897
601 909
208 297
154 922
483 609
124 373
169 658
411 637
30 385
234 612
199 506
920 997
578 641
25 519
264 841
384 674
630 853
132 320
781 877
263 666
177 861
125 639
751 799
534 883
43 820
217 969
535 947
117 544
192 665
468 830
586 791
471 949
476 705
104 452
142 170
164 422
98 190
170 723
248 527
119 590
382 638
588 829
38 346
633 668
100 743
429 983
265 910
144 841
342 684
143 949
98 384
750 980
579 780
666 834
49 349
305 939
58 741
258 483
245 369
361 364
892 984
1 259
55 240
165 528
611 738
193 847
162 758
179 652
110 672
258 261
12 276
152 175
362 864
652 747
655 724
214 428
107 956
422 665
258 982
172 880
120 449
492 725
845 849
392 427
164 951
163 732
682 948
116 676
48 652
556 812
130 773
731 941
534 799
276 635
540 728
246 313
804 837
548 943
807 850
114 359
8 72
526 782
52 913
436 496
268 665
36 653
438 745
442 740
331 456
369 541
226 254
355 478
430 492
839 880
730 761
112 249
338 375
133 513
697 792
2 190
97 228
149 814
12 549
390 712
322 990
331 788
738 808
140 886
145 968
544 909
104 629
488 980
145 857
189 932
278 607
392 666
245 536
94 995
383 942
354 852
617 970
120 366
29 844
233 945
691 821
58 172
25 989
635 698
138 196
356 810
397 889
159 622
487 845
225 785
333 423
10 793
651 782
122 714
618 695
266 352
310 633
630 866
868 947
13 698
365 375
3 868
798 877
639 833
0 954
665 952
208 829
691 696
319 731
364 944
130 920
460 888
423 617
191 541
359 623
227 607
364 967
165 178
433 634
51 55
49 554
205 901
221 364
113 419
518 920
723 982
708 873
250 268
268 483
253 699
342 724
398 554
455 591
295 954
597 866
303 747
533 714
236 702
844 957
495 595
101 712
301 502
72 962
126 149
318 843
783 851
608 867
55 56
681 761
33 602
93 790
439 782
480 816
46 660
28 999
50 619
16 935
509 966
438 450
711 967
366 653
186 394
211 565
327 591
38 518
30 426
220 556
280 361
264 686
686 689
377 811
203 931
241 244
894 903
591 877
713 983
74 559
43 856
579 826
969 986
159 902
498 969
282 931
397 550
607 881
330 919
113 365
549 816
201 642
390 852
209 931
175 242
53 722
80 656
338 428
191 868
508 796
36 955
588 760
370 797
610 966
136 529
102 428
265 883
594 990
75 612
404 566
448 946
145 630
268 515
325 357
93 969
245 702
824 855
897 925
1 192
241 763
349 656
245 559
690 748
12 448
270 740
20 971
383 913
24 337
271 637
667 676
372 422
196 244
147 456
668 894
617 898
292 568
87 98
181 233
612 643
48 274
655 913
587 967
125 796
109 375
224 563
134 352
160 811
358 898
128 888
0 836
509 558
885 947
91 946
338 957
430 682
601 961
69 827
179 279
74 579
276 727
26 750
263 955
164 592
23 271
356 532
38 456
74 436
147 576
576 990
350 473
338 513
139 752
343 880
22 815
499 558
585 913
482 514
49 429
378 595
724 770
89 781
771 947
521 932
17 221
426 672
10 419
379 640
3 618
318 637
335 897
603 657
625 941
183 333
205 405
388 651
45 77
29 871
600 733
51 979
290 484
328 655
424 846
462 734
306 992
492 613
219 295
592 827
259 924
117 880
268 854
176 543
591 692
873 951
674 800
217 955
751 818
325 677
950 972
420 591
591 970
5 467
191 504
456 767
485 795
269 350
198 460
40 954
9 180
160 499
446 975
130 727
528 558
394 956
688 904
283 364
161 776
438 520
567 613
658 835
210 826
968 996
66 501
222 941
741 899
478 571
121 350
303 564
508 554
2 961
83 697
278 882
323 647
569 867
231 647
345 876
438 487
278 604
318 537
120 256
854 959
603 765
370 376
372 414
966 984
0 127
149 338
703 799
355 613
335 699
844 859
217 580
255 589
829 966
86 99
26 917
372 803
322 514
472 933
273 724
458 600
441 878
155 680
142 460
674 836
898 924
65 219
53 426
294 908
388 857
265 666
456 855
240 254
31 728
753 944
148 996
535 728
596 608
561 647
416 760
680 853
60 175
527 997
72 741
108 227
519 853
442 475
95 487
167 408
32 551
309 873
3 230
206 483
45 863
283 662
69 105
418 691
911 962
40 353
112 595
122 895
58 551
541 924
358 456
340 579
608 979
331 896
228 556
244 683
681 922
505 870
312 494
275 738
264 625
45 436
410 723
72 494
242 930
333 505
25 952
264 704
338 685
307 546
125 887
3 789
648 678
480 898
121 561
308 676
185 435
169 598
392 680
191 338
803 852
40 596
170 475
249 450
48 947
38 286
15 209
344 409
456 883
152 864
675 792
249 422
624 880
2 466
350 482
65 370
78 234
624 975
571 712
735 981
387 389
481 482
398 519
348 886
519 953
305 909
86 689
26 97
287 464
620 825
219 624
10 23
98 591
658 685
399 749
366 624
443 813
85 968
33 613
140 831
127 697
223 830
538 998
496 877
48 323
188 531
162 434
128 206
25 890
64 912
819 864
292 672
8 899
246 791
335 706
285 425
91 102
20 42
811 865
333 413
315 638
384 837
293 639
24 220
479 772
59 581
68 749
219 331
310 550
556 842
354 494
247 409
873 986
677 682
295 858
13 594
105 753
476 812
69 715
450 863
514 840
87 534
41 426
652 766
263 971
71 228
277 655
498 706
264 278
139 866
571 871
537 827
83 321
162 816
235 906
92 561
109 621
477 969
300 934
585 912
70 88
236 368
3 145
163 471
280 601
135 805
28 667
177 247
783 807
645 743
232 705
236 933
310 420
42 846
188 576
671 917
68 254
215 377
37 677
205 259
119 733
430 620
185 815
78 162
478 920
564 749
11 167
766 975
55 694
116 896
7 819
217 623
509 751
293 898
419 731
521 615
205 246
389 511
372 601
449 652
264 958
241 290
5 175
155 606
747 780
643 805
238 241
20 300
276 918
355 951
195 734
397 646
238 864
80 142
173 991
209 558
6 995
678 872
222 308
665 851
134 766
191 507
322 374
144 634
204 886
438 751
331 381
773 878
373 970
37 728
169 842
757 884
930 970
170 983
304 557
608 635
58 532
127 241
741 817
356 440
482 948
357 568
196 762
693 753
148 517
184 356
280 693
62 827
683 980
577 594
119 899
231 817
383 586
538 943
353 675
889 977
177 509
50 581
897 964
275 600
249 322
702 785
208 469
707 957
399 507
422 552
439 970
833 887
100 338
82 325
444 828
253 428
275 310
202 890
186 359
45 480
764 792
346 568
384 846
39 134
224 525
150 869
48 731
506 619
158 272
736 849
262 754
504 781
618 708
12 973
117 964
179 289
713 825
164 651
167 895
229 583
450 788
507 877
18 48
165 303
80 505
433 751
201 539
0 730
494 708
947 962
312 587
193 344
164 335
416 616
199 695
499 745
173 280
140 167
13 431
126 264
136 966
637 900
257 886
519 634
524 908
749 903
366 597
681 767
559 762
482 698
16 778
70 477
486 692
220 490
638 817
98 906
587 769
750 942
676 821
862 984
102 861
655 950
664 836
264 626
279 897
207 650
656 728
271 785
789 980
114 150
444 951
104 896
266 435
234 527
163 512
56 867
789 837
648 679
798 941
453 944
199 746
243 612
88 547
51 601
414 549
346 871
185 291
739 964
403 468
489 616
584 759
847 874
795 967
373 767
209 630
709 885
263 849
360 998
75 77
238 907
666 856
389 907
467 487
359 653
87 738
456 884
558 725
9 696
69 520
485 931
624 881
507 599
403 912
633 645
173 602
835 885
107 218
165 950
591 753
779 902
857 894
287 359
701 949
482 909
374 647
321 521
162 527
171 871
214 987
361 373
92 483
331 833
461 658
269 523
128 929
276 345
3 483
44 269
797 969
64 755
698 894
383 514
650 765
29 528
466 842
620 623
287 840
185 786
37 785
138 440
450 502
37 369
503 925
621 952
470 876
815 872
842 866
685 728
411 751
68 750
293 719
185 462
206 628
69 936
855 857
414 513
463 672
9 105
104 297
359 979
346 746
282 530
320 449
249 477
88 861
570 584
843 927
762 805
138 673
500 994
36 660
338 620
778 913
528 964
65 349
430 471
343 882
201 781
348 676
130 275
4 488
170 450
250 322
110 986
284 790
26 211
135 919
283 672
131 454
107 679
131 884
117 131
219 865
250 548
140 572
555 985
383 704
184 906
59 246
831 892
79 251
137 832
192 405
546 764
128 909
606 744
567 615
724 883
603 610
50 606
91 651
236 821
370 451
63 932
215 233
767 908
261 385
376 959
30 198
33 354
487 981
937 980
439 534
279 969
142 175
321 472
51 755
401 544
440 442
411 715
234 726
53 178
702 729
208 965
371 531
548 736
472 890
364 824
407 492
30 557
325 675
147 787
576 751
208 739
373 695
874 908
47 810
322 375
622 954
181 560
330 858
80 429
227 430
231 398
32 192
135 467
329 386
622 766
791 808
79 746
722 903
445 492
571 642
225 829
369 530
731 950
390 786
248 413
287 430
277 388
425 657
321 576
287 319
179 862
305 980
69 115
452 781
344 910
432 465
211 241
127 786
402 667
228 699
905 970
283 938
180 774
112 696
225 383
724 919
319 477
512 527
396 602
101 149
11 117
239 251
430 760
197 531
436 893
509 769
312 323
55 661
183 448
223 535
927 931
65 669
119 415
307 712
159 619
453 842
20 227
319 913
108 996
53 101
56 823
94 659
172 629
321 341
468 556
68 550
109 462
574 872
80 220
189 470
65 808
228 428
450 994
807 994
207 758
216 347
342 815
454 821
394 459
446 729
69 642
84 321
212 382
628 774
618 765
417 963
298 913
256 915
244 958
107 142
611 782
204 712
922 943
27 833
213 630
577 743
644 720
365 802
185 682
202 328
206 272
46 441
31 175
569 780
306 410
589 753
182 265
172 503
763 790
196 509
167 556
380 737
612 948
6 773
387 773
323 899
180 568
574 603
655 958
345 409
146 666
134 504
708 788
80 147
103 802
381 717
180 233
441 648
166 833
134 421
372 944
15 162
238 793
350 823
80 343
463 636
263 848
91 585
368 466
189 220
190 879
322 447
86 332
131 351
260 889
762 881
304 825
361 824
105 966
142 381
386 819
83 679
678 918
662 743
19 611
224 479
511 675
443 831
154 390
11 531
334 647
260 558
317 971
28 514
162 524
839 970
109 681
210 768
120 158
615 980
671 802
90 717
61 939
58 303
812 933
175 866
67 695
201 317
185 928
222 645
188 557
29 751
50 522
436 535
205 494
759 779
30 235
103 531
789 902
112 942
422 625
480 578
102 713
307 659
73 981
224 583
777 983
768 846
290 334
111 218
794 974
357 358
820 834
252 412
517 814
55 995
522 542
795 989
122 624
428 727
220 849
114 492
337 523
88 687
490 783
347 606
296 476
39 316
70 658
342 855
184 369
205 428
331 339
95 138
614 942
134 818
211 799
305 636
123 725
342 561
571 889
184 591
334 961
117 511
45 626
49 631
641 875
18 682
2 295
735 971
248 497
174 985
305 862
35 437
53 932
277 464
226 312
62 690
376 405
322 839
697 881
64 306
57 763
568 898
309 976
241 954
279 516
373 473
266 933
598 802
750 773
168 415
542 625
335 797
564 969
270 852
145 881
77 374
629 825
461 919
654 786
768 845
642 810
112 891
86 639
396 917
475 948
923 940
357 440
864 964
223 579
224 611
431 534
510 745
91 145
86 968
108 528
406 963
528 701
407 495
463 978
437 564
310 918
145 213
296 327
652 668
265 716
182 887
348 619
39 518
248 559
268 356
714 820
52 691
536 704
956 985
80 716
389 740
434 975
532 884
234 955
247 705
527 563
601 618
260 742
689 988
892 905
408 442
537 672
758 870
379 835
505 764
213 691
70 356
219 954
400 880
226 708
841 971
422 844
131 625
45 171
802 998
280 964
495 766
76 598
635 705
108 672
368 924
404 412
372 520
154 711
785 943
146 695
254 556
699 929
441 913
371 720
9 373
264 931
146 710
147 227
534 989
207 979
51 420
86 980
501 547
191 315
29 140
118 264
743 995
97 751
955 967
26 549
192 709
313 651
110 695
775 894
472 484
291 616
58 869
310 437
377 425
766 909
558 921
351 997
135 568
869 888
19 695
292 941
253 552
148 692
404 542
153 794
483 908
102 230
90 758
202 728
276 327
179 712
810 938
104 597
181 511
37 891
573 665
297 902
120 287
729 907
241 573
332 972
221 604
780 932
204 278
189 678
375 863
539 912
55 926
406 792
411 690
656 791
327 510
368 784
402 979
635 809
160 225
713 987
717 771
596 692
709 883
87 527
324 835
207 419
237 414
131 305
518 719
498 586
744 782
174 625
181 631
403 549
136 424
450 536
490 605
17 91
610 826
524 622
190 590
528 617
835 887
452 529
404 732
46 137
302 374
31 991
88 191
182 601
149 640
446 822
123 903
533 746
5 893
33 792
105 189
590 612
594 923
137 810
309 620
702 973
11 295
323 832
141 591
181 418
917 966
496 864
245 555
375 620
103 445
839 879
257 483
72 343
431 799
738 879
8 902
524 744
586 651
453 880
241 426
369 381
385 496
137 375
46 769
473 629
190 204
582 870
226 544
82 956
627 744
42 94
501 793
138 589
7 910
271 299
165 276
42 225
230 890
218 430
200 877
652 761
464 546
393 490
386 675
217 238
456 914
209 882
13 130
640 980
326 459
113 414
131 203
398 631
370 938
266 753
820 821
404 615
408 610
541 654
858 998
165 650
230 480
306 464
793 994
176 812
267 455
508 748
344 722
324 929
167 614
296 597
106 436
474 688
646 720
3 622
503 957
732 873
223 684
6 194
443 484
135 490
431 819
340 868
73 615
772 797
521 539
404 505
668 862
65 544
502 543
466 737
272 938
111 249
186 672
298 934
856 964
268 850
77 778
406 960
873 955
69 906
394 612
307 829
324 997
158 743
256 589
95 954
70 620
884 998
367 694
557 802
49 807
35 788
536 547
477 663
762 839
66 846
286 935
631 939
9 758
507 529
644 984
203 312
313 840
505 535
117 466
317 784
148 358
70 312
623 820
37 177
184 731
295 909
796 930
157 940
122 299
585 945
343 897
199 605
774 837
376 434
448 847
413 612
175 517
145 562
639 700
44 172
758 918
399 550
715 993
93 781
629 875
872 976
598 958
180 951
280 965
44 102
154 546
393 682
422 559
194 902
326 758
220 726
133 825
225 712
216 737
177 557
342 353
287 544
254 557
172 992
798 948
33 110
94 657
601 611
125 945
403 445
99 330
82 900
252 308
99 475
800 918
661 903
144 714
380 464
646 847
187 876
186 777
916 987
244 666
339 646
468 994
514 702
718 902
459 801
100 725
636 999
217 343
460 717
250 265
268 408
87 942
593 877
334 681
796 902
46 221
265 858
527 534
697 831
849 864
80 983
196 729
455 872
370 724
171 909
390 681
289 602
107 319
115 856
645 857
192 479
12 330
231 854
533 792
225 409
780 839
413 874
410 684
430 683
716 980
320 909
68 983
915 950
129 893
259 826
287 516
149 483
209 312
82 582
87 187
552 826
4 669
412 940
206 543
268 794
513 689
381 715
42 123
562 882
490 809
87 409
330 702
170 455
467 635
229 632
678 951
91 587
717 915
204 810
367 750
43 748
321 962
194 368
251 257
700 714
499 827
118 211
65 453
653 764
291 519
183 621
130 667
194 254
835 924
253 745
236 505
95 438
465 921
49 730
644 807
296 973
151 465
3 198
616 773
196 317
324 586
130 223
344 759
478 580
606 755
326 586
590 775
239 351
236 561
380 775
577 825
245 987
732 895
287 730
551 569
328 777
233 362
609 761
42 682
389 391
217 640
205 729
99 676
246 565
391 590
397 525
471 764
334 391
10 473
43 810
468 725
769 932
821 888
74 735
208 649
304 840
191 592
657 852
26 668
625 890
56 301
330 948
614 940
631 966
78 962
394 901
92 926
100 749
514 537
566 966
92 525
40 112
41 217
316 453
637 871
247 767
857 863
515 993
148 766
455 530
192 202
14 934
111 614
168 498
361 487
201 334
150 273
157 523
358 404
984 995
608 927
435 941
339 808
427 781
345 594
170 312
271 692
733 873
281 448
279 853
391 895
609 660
348 440
663 947
462 688
64 879
621 921
432 963
587 777
384 870
96 432
263 470
121 995
290 336
316 720
78 499
88 623
109 821
441 853
596 783
106 301
450 925
221 862
332 473
83 805
143 467
130 910
437 562
42 194
123 405
450 703
415 947
454 863
683 855
44 991
5 367
402 631
614 840
566 819
382 924
117 465
579 676
342 706
1 726
95 398
220 719
465 626
672 736
323 620
44 779
732 976
38 521
230 397
127 799
384 407
455 788
519 675
1 741
211 336
301 522
158 713
23 545
586 927
92 196
132 819
349 723
603 752
287 781
779 946
76 270
764 933
216 883
76 423
59 723
634 869
105 369
142 526
110 130
864 994
189 753
225 824
338 379
18 507
159 550
328 575
885 965
122 583
478 505
660 941
534 834
337 704
708 977
468 670
17 706
803 959
157 944
886 956
13 918
161 739
347 664
709 814
545 837
32 112
424 966
476 647
778 965
265 750
947 966
308 660
23 419
413 439
227 348
390 581
508 903
514 558
35 275
138 776
65 282
49 701
88 165
365 711
169 356
260 565
31 906
641 962
491 881
206 484
145 652
679 971
553 599
455 909
620 865
253 776
497 734
81 927
11 948
177 396
568 811
497 687
228 553
319 498
33 717
541 780
759 800
200 651
270 701
881 914
332 974
9 437
427 994
121 697
125 129
129 892
477 587
63 223
101 104
138 226
56 871
310 940
629 642
225 836
64 336
307 871
76 169
186 601
354 455
206 540
355 866
32 335
33 250
199 301
270 980
161 286
95 418
84 386
346 645
114 681
27 356
52 855
911 949
75 222
4 210
415 536
473 943
633 649
300 712
28 383
253 744
71 315
292 420
221 330
465 920
412 589
114 877
334 650
170 939
83 390
50 197
532 925
120 897
227 935
329 535
141 363
827 884
569 813
611 666
483 827
193 789
103 302
270 895
362 996
436 611
309 667
58 413
105 841
335 939
194 557
391 901
339 428
50 521
497 548
98 797
137 667
138 420
581 848
656 681
241 479
224 747
850 883
581 737
251 642
307 660
16 679
20 55
302 921
466 763
12 691
473 671
462 631
786 941
293 715
709 930
25 697
104 158
51 441
146 415
57 776
557 683
526 906
639 775
180 194
255 526
0 632
95 977
556 613
338 838
299 724
467 534
71 104
471 946
184 372
717 950
795 852
959 969
543 782
210 276
218 607
237 273
134 817
412 691
255 503
951 990
863 866
352 564
464 834
878 981
79 816
211 232
469 544
163 333
520 778
443 973
193 550
12 94
120 436
757 892
168 356
25 285
649 763
31 211
325 434
254 488
274 880
70 398
41 243
222 725
116 120
542 628
763 979
261 636
245 525
229 392
232 484
56 594
721 800
189 778
153 268
599 835
110 372
475 905
692 950
422 739
243 258
85 555
747 882
363 825
189 605
379 818
284 375
105 438
582 832
157 935
355 954
273 883
310 694
80 131
557 655
27 396
501 509
450 700
255 691
26 639
338 701
429 530
70 780
8 173
528 548
148 957
175 176
307 360
109 588
345 371
297 322
49 737
124 813
126 273
839 911
36 72
336 994
273 721
213 688
399 691
491 946
44 322
101 447
68 328
107 627
626 673
400 529
367 461
298 580
261 592
462 499
300 506
466 782
768 812
343 436
509 940
3 361
24 460
385 806
620 706
384 980
607 964
262 981
263 420
547 873
785 940
310 961
149 461
372 698
734 820
73 867
596 957
122 580
543 642
160 873
12 970
114 416
9 84
605 938
184 206
687 708
523 559
82 789
289 405
255 710
661 693
591 948
613 684
382 983
236 241
473 801
204 919
79 549
139 848
473 850
330 973
136 286
377 430
206 244
736 739
40 186
57 764
248 445
486 843
269 943
291 843
532 779
459 513
822 896
18 512
115 572
652 825
322 906
144 438
296 753
11 806
563 853
177 501
427 694
706 855
141 552
897 906
131 622
586 944
91 370
76 742
438 453
242 762
348 498
7 225
120 401
764 970
33 302
15 746
141 923
169 702
242 988
366 836
103 713
162 253
864 911
4 520
78 441
685 751
557 565
543 614
15 57
517 839
198 620
146 459
114 343
406 633
248 797
84 387
713 937
242 804
97 520
127 259
657 878
490 969
628 868
268 379
494 741
79 569
575 644
522 528
636 918
766 861
213 835
86 435
507 618
437 779
442 679
460 668
9 524
265 922
684 871
120 676
726 754
88 130
269 979
73 210
314 716
764 990
425 749
565 959
73 163
649 944
611 959
280 579
279 399
546 866
230 507
20 525
646 979
116 502
334 421
182 687
266 909
6 50
96 106
617 728
620 981
215 339
93 883
261 519
436 687
733 771
232 280
124 286
416 594
565 747
470 865
189 711
56 772
39 69
226 588
108 552
808 910
260 261
243 583
209 427
213 291
360 809
132 223
445 880
825 986
472 786
276 734
705 804
652 869
291 711
329 922
596 915
891 910
278 434
613 629
196 863
58 792
365 620
757 922
294 680
278 301
108 146
382 832
183 736
151 299
5 956
250 335
219 692
36 966
735 836
266 531
153 806
300 979
512 875
257 768
836 956
252 450
71 717
131 648
598 806
676 916
283 882
366 897
224 938
645 705
323 974
0 507
150 625
483 564
103 563
231 638
16 160
241 506
573 847
150 736
279 964
176 363
341 559
56 119
829 842
828 867
240 590
152 371
530 632
255 975
768 935
4 855
476 927
185 350
132 145
464 739
71 892
477 611
4 117
632 800
269 461
584 899
203 479
403 753
486 578
201 754
718 937
75 153
299 977
164 337
265 978
50 424
126 391
109 587
590 802
615 705
266 656
554 635
336 852
425 549
22 286
672 738
110 874
277 353
336 995
797 874
413 609
505 640
731 934
145 567
365 916
594 862
336 626
671 998
340 566
197 875
110 580
42 812
380 730
586 925
56 640
251 623
254 886
79 493
833 841
42 340
525 639
380 952
309 500
863 957
292 742
99 512
194 820
226 950
772 899
276 850
538 621
372 699
263 564
327 641
254 675
402 856
152 335
209 354
604 621
708 979
415 883
587 738
0 946
511 730
243 684
13 916
678 910
556 558
43 645
51 100
536 691
847 946
499 800
429 629
585 743
32 225
148 995
246 822
84 189
101 798
213 896
407 800
288 680
490 768
295 771
316 382
943 963
12 103
55 131
112 507
318 883
482 709
374 607
641 738
805 959
440 989
307 319
520 545
280 774
853 931
298 855
163 243
779 914
103 405
125 445
91 373
681 899
901 978
189 960
229 463
33 700
56 523
254 914
76 630
662 680
125 159
57 423
204 274
167 926
133 794
467 960
564 594
258 777
87 238
747 829
315 841
544 637
56 71
347 472
534 876
66 96
269 445
877 936
218 295
151 953
282 568
484 678
51 381
252 714
769 974
687 840
230 813
291 699
290 858
282 986
545 976
622 742
291 520
53 998
239 966
338 533
14 316
142 497
308 537
666 759
219 725
597 925
283 301
399 935
314 717
23 167
247 645
537 755
240 733
366 648
137 814
279 387
110 653
606 758
555 768
98 569
427 661
10 439
319 387
659 798
586 834
436 621
23 836
497 585
63 910
780 870
15 555
625 953
96 329
11 772
166 798
301 918
544 844
121 859
90 778
592 696
206 860
411 628
170 350
25 526
134 344
377 975
29 46
376 758
747 793
345 361
57 157
526 537
284 412
786 826
384 554
95 834
632 662
422 787
87 446
164 713
78 807
712 742
271 420
239 508
191 605
36 658
916 926
334 859
85 161
30 868
323 874
348 563
38 339
190 622
10 442
636 665
370 825
166 582
426 999
499 679
357 525
858 994
361 714
326 888
58 746
117 141
118 766
783 866
20 546
184 912
175 863
10 472
487 668
148 334
3 453
6 932
172 436
500 985
104 514
16 840
56 741
137 548
33 651
470 928
733 870
731 973
2 646
833 876
171 261
345 570
453 719
359 690
445 751
457 609
431 940
551 943
110 229
595 603
61 528
526 586
85 410
213 341
513 845
199 358
56 144
21 606
260 506
116 732
177 880
685 916
9 911
325 685
420 631
113 195
385 924
133 278
178 897
427 899
201 753
610 783
558 902
28 417
675 934
36 916
611 792
294 548
26 142
335 440
56 983
447 850
179 932
382 893
295 798
471 568
728 907
384 507
844 993
387 736
82 248
250 578
13 358
452 922
207 346
793 962
41 613
279 551
283 928
83 360
231 814
469 917
128 879
135 355
720 777
497 640
280 858
278 741
214 743
348 377
462 497
307 710
802 850
430 659
294 431
17 891
287 671
500 578
375 886
157 191
604 840
699 932
42 353
538 618
371 727
651 825
33 98
686 781
211 577
346 906
186 563
397 675
151 916
290 964
311 850
151 773
43 644
321 567
143 673
99 189
787 882
302 365
79 909
370 927
576 798
169 472
244 900
745 889
455 582
67 973
563 953
718 727
260 711
322 904
720 983
75 704
541 995
140 956
145 530
135 251
177 385
180 992
64 541
141 695
327 800
901 977
152 240
667 723
319 332
33 691
55 326
261 451
238 487
31 191
338 975
467 963
582 748
363 882
72 357
220 549
46 857
691 961
531 872
574 782
248 944
89 128
15 168
311 769
654 758
43 851
249 458
69 735
640 687
357 781
613 718
852 906
268 715
787 801
483 817
264 354
888 973
409 468
288 471
221 327
683 702
253 598
219 682
112 314
938 992
247 644
697 863
206 455
667 883
926 988
59 227
249 721
92 105
25 32
79 157
211 269
358 492
44 437
724 981
448 728
358 383
354 930
577 829
232 282
272 677
38 712
483 619
266 463
565 745
200 966
336 391
462 715
217 255
462 634
122 523
655 777
108 554
255 981
509 549
39 468
498 822
66 466
240 449
502 833
80 577
463 606
9 995
356 398
51 344
450 931
459 911
341 431
22 986
830 893
557 987
106 731
398 969
256 930
4 320
409 432
18 676
226 323
113 399
182 574
75 938
426 996
615 812
452 784
435 610
274 988
496 596
81 570
832 926
173 234
728 863
735 838
328 365
77 113
519 699
44 345
337 481
279 514
712 755
505 603
36 169
288 959
145 986
150 277
677 903
91 271
608 915
205 315
494 970
178 716
332 898
69 311
487 978
0 108
113 565
699 810
640 823
206 782
466 587
287 587
517 618
275 403
544 984
377 889
46 806
506 607
164 953
200 498
475 680
350 580
673 800
100 107
294 584
212 941
104 110
211 865
198 648
471 668
130 872
259 532
160 191
53 300
535 888
498 941
198 426
308 414
238 987
294 921
665 859
47 819
104 411
433 763
543 704
540 560
126 683
201 752
38 493
62 487
253 966
52 697
29 551
187 658
407 937
658 809
112 243
86 974
67 825
303 729
418 565
473 646
49 356
413 718
187 481
213 729
693 823
508 547
314 996
282 326
46 279
15 844
179 754
550 935
20 694
297 771
379 679
677 687
702 793
375 595
0 473
272 606
30 641
850 935
605 782
681 839
242 951
258 944
760 840
772 909
665 763
150 893
377 789
600 928
413 453
553 890
539 827
781 858
161 389
262 645
352 840
215 703
21 994
743 793
346 685
423 611
652 815
464 592
138 657
88 796
18 955
19 366
39 263
207 541
869 896
147 530
459 804
374 401
32 850
10 861
167 489
209 974
31 993
524 678
66 736
199 572
737 893
295 829
260 704
810 943
508 720
181 722
40 986
214 806
72 859
435 715
77 470
427 683
447 676
143 320
693 700
361 419
90 611
223 973
44 176
56 670
236 884
275 636
607 775
918 982
43 410
396 964
806 855
58 231
335 753
72 279
171 477
392 414
406 695
254 626
592 877
320 672
52 287
454 735
660 990
155 542
262 726
69 956
610 752
39 384
407 444
198 611
293 309
100 769
122 825
195 559
114 677
208 674
787 800
271 499
152 873
31 679
195 845
382 585
38 309
44 818
173 594
13 233
923 994
792 936
135 538
201 861
212 497
156 727
50 110
474 866
164 250
58 613
79 969
247 693
13 459
107 496
524 985
139 317
158 619
14 975
457 850
667 995
427 518
64 348
89 831
421 856
183 242
203 539
225 440
115 717
346 412
573 695
210 319
655 709
432 845
543 661
551 564
203 650
587 986
238 384
132 533
544 957
63 255
48 268
