1000 4987
528 177
486 169
882 866
924 892
759 72
986 775
973 527
371 91
958 445
462 390
427 224
764 207
780 676
853 17
900 715
672 185
787 384
716 298
861 324
934 48
408 393
775 483
482 221
762 334
854 440
503 10
638 579
804 641
724 632
365 37
113 84
718 102
424 94
557 220
596 284
707 700
636 557
303 275
379 322
604 300
839 136
994 981
827 736
897 550
540 299
192 89
768 621
525 324
964 369
937 96
514 394
956 547
936 72
690 392
999 503
979 234
392 304
928 797
735 150
998 933
913 573
930 272
750 401
862 341
577 144
742 192
853 154
581 243
673 114
972 629
585 240
530 102
974 892
570 433
844 650
496 280
519 8
81 36
444 24
445 305
963 130
657 550
693 309
640 175
363 72
697 485
989 255
810 76
494 429
370 260
823 300
537 267
773 711
963 614
909 83
568 118
587 306
633 71
651 185
715 12
759 16
814 176
933 86
871 385
835 804
819 282
789 754
697 12
950 787
719 253
561 186
982 255
912 402
268 131
752 524
569 74
533 52
543 229
330 11
946 921
403 262
794 87
832 782
851 593
410 348
302 173
438 400
859 840
804 279
923 801
765 480
376 234
849 351
373 24
980 48
301 214
214 130
642 329
588 64
626 271
672 189
991 681
906 597
883 540
448 194
482 119
540 130
357 207
177 150
233 49
838 77
384 93
367 26
946 764
958 603
998 143
931 796
118 2
463 440
898 697
804 68
716 537
368 316
496 278
425 331
443 164
762 17
580 120
798 644
882 602
913 430
549 93
877 448
971 685
474 79
945 164
828 305
774 72
962 895
228 82
671 590
156 92
357 306
217 90
958 360
401 99
112 103
879 509
540 423
979 856
634 627
504 223
779 5
888 720
474 308
864 335
895 115
735 708
573 297
648 11
540 105
784 363
944 759
615 377
637 110
851 487
964 524
716 499
326 54
923 0
790 403
908 852
798 655
858 321
768 121
824 6
571 185
610 555
421 152
350 246
854 188
862 355
408 131
820 412
501 362
321 28
447 185
586 477
749 639
550 175
308 270
874 338
916 400
755 360
538 280
797 154
704 501
426 100
797 552
672 57
703 624
820 353
566 336
218 194
950 691
365 113
711 533
830 453
409 85
891 233
194 123
945 752
768 378
533 79
419 44
590 16
718 69
811 805
837 546
816 424
246 240
249 76
854 78
390 267
948 7
973 7
414 68
822 341
628 389
858 491
605 91
907 359
939 425
327 219
851 320
402 302
791 119
518 512
953 866
724 519
946 870
642 458
852 822
801 412
639 89
658 127
533 231
916 209
883 555
293 40
294 174
387 47
762 526
802 361
802 200
649 143
923 109
934 803
368 246
900 343
773 751
940 118
669 408
562 191
448 190
643 266
896 503
930 562
492 130
438 66
663 208
891 705
687 222
467 123
583 345
731 551
950 169
823 85
790 680
658 584
666 423
647 139
947 357
687 335
835 206
764 414
833 262
378 88
512 251
979 801
415 392
201 52
256 116
657 366
772 242
296 203
747 517
498 443
831 681
835 571
375 14
694 646
770 22
682 637
679 541
862 775
868 463
759 633
633 138
934 19
262 170
673 409
770 12
659 90
961 229
995 834
754 164
495 156
796 449
528 343
907 206
691 301
600 564
830 364
989 326
630 290
978 652
934 270
835 320
820 769
956 778
487 466
345 167
955 205
807 510
713 683
863 184
683 123
594 9
753 431
542 306
769 713
839 372
913 69
400 144
915 92
863 802
661 576
900 266
131 0
386 264
353 144
578 510
155 134
780 248
341 4
513 467
684 586
898 367
593 208
718 678
991 606
479 394
500 336
502 57
286 128
573 556
723 645
863 708
617 363
410 235
789 581
965 576
303 41
694 188
714 413
273 14
807 503
986 548
222 59
852 665
963 61
964 146
507 345
931 67
198 192
862 107
591 102
876 692
205 50
704 266
248 118
484 127
377 35
749 715
792 743
948 692
629 277
791 465
629 594
686 249
135 13
856 773
928 34
930 224
698 670
608 69
589 29
821 433
961 446
651 461
122 15
929 501
603 129
287 168
380 286
201 47
147 103
701 223
646 383
544 134
907 474
716 490
270 99
715 495
553 472
790 415
955 438
766 384
407 286
230 61
527 57
324 50
947 917
953 550
327 39
862 509
991 383
641 154
631 117
867 860
962 684
762 177
768 669
986 911
954 777
386 243
522 388
831 402
580 146
545 400
502 186
982 207
695 638
51 14
901 781
998 91
801 183
917 165
777 325
902 443
867 615
227 186
820 320
524 457
266 41
912 338
468 109
588 161
683 296
441 69
528 86
915 249
568 77
485 72
786 329
609 166
883 298
439 429
829 314
549 428
407 132
338 320
764 164
511 25
124 75
678 636
771 523
385 196
862 488
947 858
939 567
354 13
961 387
937 380
431 324
769 566
641 576
272 237
632 619
699 310
238 182
896 388
98 6
741 362
462 325
828 802
636 522
838 330
676 78
724 654
492 325
113 56
441 411
830 816
891 246
557 264
461 179
939 737
943 560
655 122
234 162
819 250
57 30
149 59
495 372
649 181
743 344
680 187
599 425
853 806
694 233
255 130
937 575
984 242
922 347
938 861
703 629
811 498
814 253
890 692
321 258
590 315
748 257
986 577
823 369
37 17
891 341
956 809
757 100
557 240
51 37
617 586
407 99
872 147
951 187
306 114
903 153
471 390
906 386
366 168
520 335
842 405
646 499
717 214
975 534
548 156
904 330
891 693
894 9
889 591
290 139
788 766
664 121
810 248
829 423
651 278
989 601
853 70
730 619
638 50
433 206
839 119
677 360
308 144
554 229
527 378
151 145
468 401
687 382
907 572
975 696
218 133
271 189
699 324
827 318
477 270
353 349
833 352
281 35
803 83
949 788
305 101
434 54
473 113
784 454
855 840
648 320
946 537
703 239
872 340
304 91
942 763
624 79
606 51
883 550
824 208
884 689
352 258
751 582
813 651
904 676
100 74
797 444
800 640
641 493
458 217
994 586
225 101
540 15
541 482
973 896
581 256
285 270
359 267
655 366
987 573
363 204
770 405
441 240
295 245
558 16
744 503
924 594
998 316
891 722
713 159
715 618
326 99
572 271
572 420
773 410
730 41
833 679
888 265
767 508
697 144
904 702
919 476
837 659
760 752
726 622
191 154
528 380
843 129
986 939
843 731
452 146
437 262
717 521
204 23
791 205
641 205
813 807
407 25
465 114
980 250
216 50
548 403
804 40
290 127
878 775
898 53
909 905
933 471
921 665
636 118
316 85
958 363
968 758
581 154
655 41
696 513
803 295
680 357
989 592
938 31
612 202
770 313
840 812
978 418
987 426
491 182
932 268
574 10
685 434
922 337
379 79
617 146
800 670
764 623
175 69
654 471
960 531
287 234
842 820
643 399
497 28
575 233
759 272
661 651
999 611
395 320
913 117
998 27
794 654
366 270
542 269
980 813
195 47
604 145
913 585
805 48
296 222
826 151
941 737
367 318
743 104
995 670
890 511
929 128
102 57
746 430
783 146
397 371
589 521
702 457
188 133
154 21
519 237
939 816
973 545
927 889
880 392
901 612
612 589
66 15
904 339
675 89
336 149
980 264
675 378
431 165
622 87
308 27
789 494
525 198
241 161
495 440
775 719
686 94
992 707
962 104
950 63
599 381
998 204
749 469
624 599
253 203
843 823
589 252
766 618
863 440
531 350
593 332
404 360
425 210
408 182
880 12
601 194
446 312
894 112
877 705
326 274
606 47
717 308
366 62
704 504
962 660
635 38
909 273
433 227
652 106
989 46
516 450
866 795
867 155
908 20
960 522
688 522
642 104
626 37
863 837
972 454
460 229
298 216
753 587
670 618
854 648
798 645
941 665
974 2
234 96
570 51
626 325
827 598
664 52
683 199
187 186
688 376
688 138
573 430
937 831
835 820
620 103
452 78
825 556
627 431
882 669
757 187
968 791
886 648
336 244
724 69
501 273
929 591
857 603
291 130
476 158
648 12
940 749
681 262
561 171
762 355
637 597
673 4
673 417
903 628
814 698
399 359
517 155
722 332
774 177
939 313
705 222
687 559
941 60
834 506
449 85
784 715
289 89
992 112
452 10
711 497
892 562
972 925
478 285
334 6
963 281
708 699
655 434
252 64
714 23
700 70
459 358
946 716
758 259
977 229
435 308
503 113
929 26
395 287
962 848
629 283
419 94
437 355
494 364
702 305
170 110
973 363
814 750
247 76
546 344
412 39
657 187
965 386
822 704
270 189
762 388
899 719
402 13
968 576
892 509
941 206
120 38
230 31
732 245
398 225
364 260
990 208
866 409
594 242
576 361
772 477
869 119
745 358
786 693
321 20
887 287
345 299
455 417
772 101
885 786
971 171
742 21
155 109
746 655
467 431
983 750
883 258
655 296
894 464
568 567
747 191
364 93
596 297
493 52
921 265
79 49
118 20
780 116
888 420
782 368
361 308
509 212
687 393
845 229
567 311
846 635
460 274
712 376
616 541
173 93
447 89
380 44
715 339
256 156
730 106
884 634
612 327
847 453
650 555
872 354
429 209
980 514
394 294
777 153
934 514
331 148
776 103
260 152
262 172
742 593
543 53
746 67
341 339
987 736
782 242
516 105
493 45
556 192
592 87
389 295
546 362
982 19
506 328
269 39
694 647
737 647
275 247
904 262
632 277
679 406
706 209
427 13
995 151
545 536
946 94
713 628
587 133
491 232
255 19
455 6
790 211
800 324
838 464
769 122
266 110
980 521
803 78
611 380
317 63
935 66
594 119
704 22
480 315
26 14
69 32
877 768
447 176
960 676
841 726
271 74
789 419
641 106
743 611
243 204
244 198
227 134
616 508
755 641
321 221
764 103
957 75
968 282
892 158
806 691
436 186
475 314
402 118
221 210
727 663
940 281
617 605
923 594
744 576
726 47
586 367
880 128
900 140
826 324
990 197
404 229
543 440
978 757
838 14
544 418
590 288
907 848
731 64
323 322
770 62
971 101
790 699
613 568
597 163
966 155
103 37
765 290
826 557
363 245
950 43
456 358
720 536
954 595
459 147
442 313
812 72
978 279
984 953
311 215
652 84
543 456
983 618
996 730
892 19
930 456
569 120
723 166
719 684
573 11
442 168
996 759
408 376
979 481
960 656
446 382
514 4
842 393
926 24
916 461
916 634
901 234
631 127
746 398
615 172
446 180
857 18
139 73
867 290
846 30
492 127
865 755
511 376
386 249
316 205
686 361
891 845
800 733
432 172
361 218
743 21
400 368
551 160
238 165
204 77
907 748
978 965
389 274
753 81
504 121
323 18
751 166
994 735
958 86
808 284
535 347
399 32
607 193
998 938
831 330
923 253
300 258
528 80
837 727
911 290
729 125
972 306
862 222
590 231
974 728
888 250
667 240
761 141
283 132
836 150
799 589
655 484
931 679
904 391
329 25
455 386
386 240
911 631
443 436
690 2
375 124
542 46
587 67
769 100
436 224
809 400
760 322
820 536
684 145
414 301
566 446
470 259
999 242
738 318
915 526
971 790
776 353
388 18
299 34
467 174
877 619
970 505
733 589
366 14
439 428
259 218
171 108
926 60
526 203
728 574
802 797
953 415
534 332
971 723
705 561
775 68
409 154
356 183
764 20
694 683
930 241
676 248
508 173
456 411
664 563
937 582
900 427
918 606
838 424
134 73
830 357
654 222
750 746
996 8
986 189
381 266
476 392
915 215
151 96
500 242
763 392
700 113
804 560
821 434
783 623
871 525
948 123
132 6
885 448
354 146
257 222
754 78
266 230
908 313
639 591
973 815
658 58
625 53
733 727
457 222
700 14
793 660
684 464
225 106
558 329
610 428
855 755
966 457
890 182
816 153
492 302
493 3
574 329
833 827
924 662
389 216
762 418
830 467
875 314
658 275
459 406
750 213
326 118
572 378
111 110
352 332
975 903
260 75
873 293
283 250
953 547
85 64
859 839
605 510
509 457
952 251
733 607
350 182
919 380
923 177
923 676
211 67
434 376
949 940
867 661
861 133
515 494
662 259
576 27
727 78
103 70
800 420
904 178
750 568
641 358
879 412
257 168
735 525
958 228
976 271
776 732
688 430
619 29
800 285
928 221
997 165
913 613
717 482
700 318
86 68
773 550
903 763
499 410
800 20
998 64
711 219
400 82
909 38
858 264
472 184
509 450
717 115
791 70
649 166
544 476
781 417
856 147
430 170
820 441
125 93
992 489
625 39
921 761
920 144
652 408
792 618
298 82
306 298
541 481
530 425
705 57
658 191
877 329
491 402
739 682
222 6
574 379
981 830
838 90
815 568
232 172
485 198
287 5
811 570
881 513
640 546
844 741
441 96
648 328
116 105
853 230
446 260
529 59
379 316
586 444
967 255
129 24
826 686
974 575
477 125
597 225
263 173
673 142
601 345
68 27
687 356
940 404
881 355
970 635
645 315
723 695
723 234
408 64
834 356
393 167
989 525
413 241
748 367
513 35
987 398
256 102
275 272
679 623
684 519
539 217
776 181
702 117
539 67
726 228
467 226
924 314
287 170
841 639
981 139
843 335
681 120
537 483
384 275
846 701
775 308
889 509
120 115
525 322
212 150
272 35
110 71
556 344
632 14
971 623
985 72
783 417
631 557
898 455
664 510
885 108
575 232
406 173
753 309
392 129
746 227
801 622
395 188
758 227
957 766
807 446
183 53
884 27
961 333
596 293
688 595
796 748
949 143
642 181
106 34
839 308
896 577
398 10
329 206
437 117
871 60
708 650
766 162
486 345
988 804
733 269
804 386
366 52
738 229
242 122
633 598
977 241
831 234
317 59
228 61
375 190
359 111
342 45
803 287
678 651
788 191
508 15
386 161
833 466
815 157
449 425
947 13
268 189
979 812
750 9
787 1
608 253
826 601
682 290
538 47
594 448
723 562
248 71
622 508
447 36
861 138
565 188
973 83
569 262
733 523
882 327
311 291
278 168
541 163
321 0
140 137
785 336
714 553
473 266
570 152
865 707
943 672
804 745
884 67
761 69
905 296
617 131
907 707
980 558
529 514
868 76
456 349
826 68
455 330
761 14
156 24
540 473
954 137
707 430
998 659
682 415
431 374
855 677
752 517
941 926
719 251
241 0
630 570
297 201
635 208
797 161
728 99
89 43
654 143
915 238
787 702
957 690
843 370
572 300
911 456
829 752
132 64
460 373
461 321
630 106
653 546
670 448
804 367
474 252
129 100
937 183
757 606
863 274
351 278
987 419
634 452
373 144
598 166
411 8
170 91
784 440
891 684
608 28
681 269
241 168
976 99
986 621
617 612
540 107
408 92
464 329
959 217
250 131
158 8
395 374
640 332
343 20
606 252
572 558
645 416
666 106
813 393
581 125
830 384
489 173
549 68
472 296
642 19
661 224
458 266
99 52
706 545
657 295
466 135
489 62
794 281
330 285
298 258
911 579
891 146
637 295
620 238
583 506
687 155
913 778
604 216
440 58
765 693
407 398
366 138
943 103
449 444
747 245
659 554
802 465
328 133
680 186
274 193
849 521
369 197
849 232
950 416
729 216
750 606
641 305
755 655
997 503
957 516
918 648
983 241
901 267
851 160
941 553
927 31
767 385
550 164
612 46
633 626
633 472
337 235
428 198
375 130
485 51
948 293
309 15
308 73
551 191
347 62
990 958
807 604
496 430
866 805
981 213
881 429
964 636
794 648
842 711
572 330
737 507
738 491
811 483
744 457
187 184
484 76
302 207
655 18
812 410
549 118
909 43
349 240
829 198
697 83
928 319
637 328
583 347
608 487
202 172
241 194
738 717
831 632
655 371
927 350
782 2
196 161
235 134
842 162
455 227
148 76
702 288
939 158
541 126
138 102
86 69
640 236
948 778
606 209
736 272
902 359
756 264
596 335
934 782
525 256
317 237
602 495
158 140
896 448
869 470
847 539
846 324
521 392
132 36
541 128
263 100
781 401
450 214
583 336
676 374
975 40
570 266
536 75
848 429
350 120
812 195
876 592
783 5
730 596
800 486
694 187
861 532
536 261
954 585
995 319
816 448
262 55
101 21
674 431
766 324
694 481
342 202
967 392
951 519
455 105
662 436
833 758
355 45
887 796
691 122
729 307
566 16
235 86
181 62
815 36
901 767
313 110
723 366
916 760
939 437
833 633
800 29
704 282
396 53
508 274
589 98
720 650
518 38
115 112
904 406
336 200
972 159
429 59
927 155
583 478
434 134
218 164
493 467
978 170
995 292
723 171
500 443
390 243
946 301
910 319
414 288
924 402
951 540
608 174
420 196
848 194
774 288
958 11
245 105
743 478
945 761
620 43
621 435
696 118
471 365
990 910
536 42
720 327
950 880
702 507
817 285
351 166
940 308
762 180
946 350
788 746
85 22
658 462
989 342
537 77
611 498
774 354
248 161
600 182
994 854
450 91
857 521
513 244
455 277
420 265
920 242
666 33
704 148
443 120
863 304
872 739
678 200
765 683
795 743
750 652
126 17
435 281
988 769
511 2
948 818
846 227
995 137
544 322
247 217
945 754
602 565
489 123
968 813
987 91
736 148
630 502
773 594
371 123
898 580
600 14
953 635
984 930
879 868
770 293
989 951
792 202
663 530
151 132
187 64
190 161
155 65
978 795
766 163
788 417
588 332
274 132
882 72
846 556
389 213
943 580
159 85
802 633
473 28
735 284
714 310
649 403
286 220
779 328
998 810
986 856
395 67
731 38
852 398
967 260
290 288
680 275
481 467
610 3
539 5
334 116
744 187
662 62
907 371
375 199
766 91
850 204
219 180
957 130
475 46
937 143
168 129
315 210
100 46
797 533
958 542
879 453
819 674
767 56
533 11
882 104
921 643
848 621
751 413
643 389
688 433
561 163
854 601
339 329
638 303
942 91
976 694
162 159
381 265
934 426
664 197
820 231
442 66
984 134
904 830
814 289
483 457
688 455
875 558
767 451
322 22
608 584
865 351
350 204
996 784
649 187
334 127
525 227
946 495
302 100
638 9
468 340
786 4
200 127
878 742
952 665
699 135
837 735
940 107
336 180
899 703
999 630
619 89
323 123
197 3
470 419
914 685
954 398
147 124
517 261
956 811
500 115
777 21
634 374
679 346
690 573
653 272
892 200
736 554
968 757
966 345
980 40
491 52
936 455
592 20
683 280
425 243
318 269
466 183
599 307
880 235
489 110
834 432
628 511
756 52
848 829
828 822
760 47
375 213
360 146
548 280
947 668
823 589
681 294
648 559
811 203
971 571
762 607
688 464
652 225
263 207
486 75
69 49
273 225
934 341
754 538
712 441
955 359
482 268
523 494
997 443
249 162
671 355
656 115
160 8
799 268
326 110
474 111
365 193
974 650
539 382
940 827
988 402
209 138
390 284
543 293
710 128
766 509
859 653
842 469
898 323
627 515
313 148
922 912
703 382
262 218
818 268
982 980
940 881
749 567
880 357
309 277
384 116
590 371
901 561
997 6
961 456
997 339
410 223
692 263
992 518
623 233
128 73
220 186
653 652
970 688
614 334
132 93
484 188
726 663
178 89
749 417
507 184
677 113
937 886
756 139
187 144
889 507
926 413
525 275
820 87
413 25
489 88
364 323
992 550
938 933
353 54
850 652
894 125
636 413
526 208
581 524
360 128
820 385
822 624
825 58
825 664
911 669
296 253
666 484
880 501
997 348
672 573
433 388
341 275
750 124
808 344
898 636
537 164
665 415
281 70
794 573
852 724
840 99
66 65
988 532
585 93
487 357
927 403
753 716
536 492
627 608
723 412
301 278
618 360
157 124
529 51
395 100
362 260
313 173
860 445
952 710
437 412
726 502
403 36
78 45
633 314
462 396
446 74
910 864
412 283
822 587
957 889
427 397
182 31
520 203
865 212
947 300
314 143
986 114
558 362
997 325
691 550
982 743
569 359
896 632
752 221
435 219
454 21
627 133
538 37
684 500
904 882
248 65
690 424
947 112
877 565
696 500
491 16
788 90
661 655
998 179
422 189
354 223
907 169
428 409
973 438
602 425
748 440
622 379
803 703
884 732
984 610
888 479
665 79
404 165
850 488
188 135
958 338
357 195
893 582
980 795
756 148
806 776
571 117
645 300
775 7
617 298
891 199
800 203
564 140
969 21
857 577
623 260
828 465
437 204
257 139
59 3
953 271
541 49
944 331
562 150
690 419
558 517
656 95
876 570
839 710
532 308
347 243
683 381
521 61
426 238
300 126
301 211
727 108
394 256
655 430
469 135
697 348
751 529
954 143
828 127
351 296
540 427
445 126
283 79
729 51
621 5
894 445
641 463
272 161
382 220
534 201
862 330
718 207
521 324
405 395
992 287
763 436
657 207
379 32
886 819
967 430
550 402
533 58
845 248
518 363
704 664
977 364
798 651
998 38
624 474
328 231
976 492
600 13
757 684
825 568
705 372
742 398
562 471
249 48
375 325
430 95
856 183
161 12
253 179
950 847
905 411
700 73
518 64
647 153
480 273
523 346
473 11
638 389
506 135
911 147
90 13
346 326
734 295
510 24
594 32
405 404
776 536
940 385
790 397
501 128
411 184
583 70
604 201
714 460
878 461
255 159
610 224
699 118
846 580
483 432
660 137
618 317
704 307
714 713
993 298
947 175
695 339
383 61
701 477
884 408
373 247
877 689
71 69
588 574
537 111
791 716
859 191
959 236
443 412
579 59
707 14
746 642
377 298
712 526
782 618
803 547
861 520
983 722
917 124
918 122
795 627
669 491
859 593
489 351
948 773
914 762
219 98
184 84
917 306
847 670
955 861
480 449
427 17
799 615
505 63
639 356
841 437
963 292
661 232
605 181
990 883
869 117
563 493
107 100
639 245
336 298
384 182
158 18
847 280
498 300
977 679
172 45
900 33
907 745
891 618
858 105
694 96
951 334
649 556
539 261
667 456
585 478
543 102
156 134
928 343
252 78
961 726
451 15
821 148
804 124
219 123
348 80
440 177
883 493
746 37
687 106
390 158
999 302
908 402
664 360
694 391
906 448
643 240
535 422
538 454
409 266
599 542
763 577
429 258
674 553
955 490
861 745
971 105
609 494
863 47
258 33
579 41
141 0
567 429
878 680
681 172
972 968
954 591
919 691
702 329
958 143
317 285
617 271
581 198
141 26
911 31
830 58
401 290
55 35
628 220
722 361
827 424
652 55
817 443
302 215
893 240
489 135
762 486
968 121
611 374
900 744
739 320
278 76
614 225
82 14
797 458
902 224
910 76
552 189
951 154
221 14
705 555
478 391
540 390
887 434
155 125
582 466
782 639
871 202
534 236
535 157
276 1
386 148
890 302
878 330
838 106
990 285
969 658
415 3
876 823
422 115
650 584
354 285
685 305
394 327
878 695
910 230
659 100
146 113
240 156
899 8
784 41
386 77
672 233
997 954
230 145
431 112
843 315
808 505
919 708
221 7
705 556
858 280
669 137
873 419
691 420
711 89
470 388
291 169
554 347
590 437
79 14
887 205
651 76
483 27
874 649
622 10
682 618
683 585
885 322
635 582
282 226
962 87
84 42
567 559
882 408
459 428
576 243
742 693
932 777
865 418
797 476
870 813
289 237
680 555
843 501
474 163
370 263
945 250
975 742
426 78
523 372
972 177
543 34
599 193
602 167
969 563
922 156
842 617
903 271
593 488
974 426
913 233
833 409
561 199
835 311
528 451
991 573
752 599
363 125
978 302
861 65
900 88
535 341
943 456
593 377
779 700
735 51
928 573
230 48
675 590
711 297
144 134
587 170
729 211
829 88
930 729
954 698
202 40
422 299
497 317
389 50
798 477
449 335
601 378
950 39
823 345
699 136
717 617
459 306
386 206
705 574
540 38
781 268
998 826
782 31
640 399
218 183
935 870
936 128
972 441
728 259
575 81
443 112
579 351
689 259
229 90
524 58
344 321
622 585
896 476
701 411
854 207
742 455
228 134
763 501
989 938
395 66
805 516
790 723
739 530
790 667
350 287
974 77
461 264
814 340
445 78
781 290
285 250
941 564
725 371
646 520
919 389
940 37
984 678
590 287
994 956
558 324
465 11
525 122
506 258
641 581
825 731
955 41
827 715
720 527
885 336
519 43
647 118
813 447
339 328
765 113
824 82
808 695
382 110
974 295
729 302
862 744
923 560
487 156
31 23
805 342
808 582
823 710
477 16
980 749
337 155
440 71
840 524
486 267
859 815
803 618
453 7
788 353
735 58
881 650
829 417
133 47
408 109
686 384
881 342
853 819
811 254
108 22
308 59
457 282
510 492
790 121
544 431
462 339
563 250
467 209
934 149
431 319
658 273
558 74
366 175
756 664
718 174
280 214
852 559
582 270
399 215
960 117
638 92
938 359
460 428
813 90
961 932
503 11
85 41
451 169
783 296
641 489
716 253
703 248
611 17
684 457
960 252
320 150
880 847
69 48
607 57
809 54
844 806
499 495
860 78
820 332
950 357
654 174
960 629
287 30
531 417
399 175
455 66
345 177
683 231
824 474
619 6
797 264
356 72
636 221
876 169
693 343
640 77
588 403
903 503
563 400
664 67
810 571
725 617
240 126
840 399
905 304
451 174
758 168
785 690
236 194
626 374
439 42
925 497
498 367
773 690
787 425
787 493
618 537
738 671
748 165
784 502
822 745
903 218
842 251
184 22
772 181
421 417
170 22
983 735
871 790
463 337
760 756
710 361
305 147
978 729
977 695
588 192
571 152
679 550
461 259
756 321
963 438
559 124
842 263
764 687
835 425
546 3
838 632
719 574
559 515
490 343
491 367
949 548
831 257
937 646
402 212
973 192
888 777
776 494
813 76
908 590
599 433
766 636
361 21
587 578
700 624
914 187
273 65
892 406
774 498
792 302
243 25
886 135
723 291
783 537
870 406
66 47
88 64
740 315
487 279
949 408
594 556
681 672
535 197
666 603
740 51
151 17
870 651
978 834
527 511
657 116
732 680
841 34
623 358
437 106
892 218
653 565
693 345
787 284
491 171
953 4
677 265
972 401
849 797
477 116
801 743
557 506
633 313
961 68
923 653
266 152
965 628
848 343
696 151
915 525
881 282
899 794
819 325
703 381
928 218
667 640
746 139
503 31
621 163
548 389
472 422
964 590
382 34
420 142
555 118
738 458
333 49
995 818
951 917
961 870
544 202
546 162
848 607
658 373
658 651
860 262
164 139
845 86
702 545
903 736
668 190
376 305
727 555
230 193
700 192
585 470
396 102
218 66
878 844
648 637
739 243
557 40
831 601
905 206
393 70
602 236
783 268
568 542
515 121
165 101
647 496
663 604
443 50
726 118
745 598
980 177
800 204
767 205
954 314
473 33
551 106
801 301
185 162
747 24
811 418
854 628
803 1
585 380
70 61
912 806
698 480
992 88
793 550
887 195
934 141
965 872
524 223
263 5
836 278
902 454
824 438
753 496
881 369
720 690
754 737
242 119
923 340
688 682
176 4
175 84
863 652
994 621
612 396
902 824
600 550
786 659
599 134
871 742
906 617
839 553
94 47
951 51
867 237
740 613
851 602
642 34
674 481
413 75
252 213
569 269
613 485
437 69
590 181
459 405
828 593
540 268
409 310
501 365
907 166
946 905
304 113
547 143
655 438
901 791
951 734
606 21
633 465
517 433
331 226
576 216
557 485
904 607
859 80
980 170
874 469
693 272
638 528
635 495
860 205
620 49
621 305
610 443
593 401
577 127
951 900
894 114
689 499
321 246
122 84
413 211
920 485
401 318
419 43
517 152
831 662
390 344
101 64
376 140
987 969
918 755
803 795
254 109
766 544
662 212
630 418
815 340
990 199
908 807
564 84
766 631
203 69
513 356
144 60
824 401
726 434
828 14
778 208
944 531
155 105
811 797
176 50
584 143
358 270
783 283
949 84
734 2
112 10
384 47
275 125
767 644
964 383
928 684
691 504
747 570
395 353
513 6
415 23
753 204
291 29
455 124
402 8
841 307
810 803
524 117
621 134
391 46
340 121
771 570
567 380
873 265
864 440
311 264
666 226
740 429
762 741
994 579
467 318
284 155
775 731
932 353
925 401
925 573
422 356
522 62
961 57
191 169
865 103
896 685
493 486
294 59
332 113
685 285
633 20
829 89
779 728
657 260
269 43
880 6
917 314
277 219
831 339
464 131
891 116
929 297
603 557
997 815
602 247
949 863
904 813
993 471
520 305
205 148
777 422
778 60
483 270
953 737
375 228
700 5
216 200
254 238
718 708
458 141
928 250
497 94
297 9
522 57
827 8
764 491
360 285
958 223
657 364
757 721
915 234
662 448
712 482
830 507
744 419
852 844
799 274
88 49
877 633
548 431
788 120
956 823
861 47
277 228
630 370
922 235
891 104
967 648
470 160
270 61
918 201
475 343
834 462
477 50
721 489
813 696
957 947
868 400
232 117
888 509
698 197
620 116
772 86
539 357
575 212
947 220
320 189
546 497
767 487
710 83
808 450
362 229
927 124
842 171
614 445
220 203
917 351
665 421
792 731
557 143
740 689
872 767
918 513
66 23
763 679
965 151
413 183
566 103
415 2
736 297
756 164
790 753
423 66
792 511
759 348
944 358
411 308
562 480
569 229
929 895
456 64
827 51
168 31
991 876
751 452
464 0
832 392
873 273
671 441
896 183
732 519
924 290
806 400
329 108
475 221
804 109
835 562
940 564
613 106
976 145
445 403
599 203
322 21
865 652
179 123
900 62
536 270
862 273
644 620
442 196
903 465
372 5
502 223
892 595
804 768
472 414
953 688
515 217
989 178
684 248
847 729
722 344
960 499
899 747
864 348
586 405
931 105
552 338
844 400
350 217
739 369
958 839
899 373
946 428
732 693
266 261
982 173
738 724
665 319
169 41
971 279
151 137
761 122
956 477
248 163
763 708
957 637
748 272
713 306
895 451
346 301
602 498
722 537
205 86
978 960
869 330
483 3
502 214
677 519
710 183
271 202
921 856
203 128
947 32
829 716
866 694
817 26
798 4
822 222
747 355
730 179
690 263
490 194
492 226
242 44
739 374
423 193
850 687
642 443
851 715
968 958
720 207
792 204
588 401
975 750
621 244
688 301
621 164
874 873
998 718
983 644
984 851
749 407
698 532
418 137
165 38
511 499
845 439
482 353
945 170
356 282
945 664
848 206
395 244
799 543
680 134
737 672
957 772
993 286
711 438
833 735
635 154
856 733
339 307
910 581
766 462
881 163
785 573
345 88
787 612
849 568
440 399
363 147
691 262
649 587
851 643
945 492
502 6
429 350
161 38
507 73
733 325
516 509
898 848
893 835
386 198
810 524
947 754
962 722
486 95
710 512
990 449
660 285
789 452
638 58
737 422
922 425
682 471
650 471
971 200
816 632
981 557
832 186
949 889
918 218
220 94
610 169
439 305
206 153
444 233
815 415
349 183
235 52
929 47
863 483
767 737
261 232
766 144
591 97
982 379
488 482
948 734
983 337
399 126
992 856
975 584
114 100
946 379
940 101
997 916
718 298
639 473
416 254
479 145
917 166
845 800
239 49
697 551
613 324
904 856
683 670
744 62
656 126
967 929
52 1
470 272
570 9
936 457
939 294
973 124
701 87
721 438
353 201
500 264
979 928
265 133
321 32
836 308
802 100
785 228
750 278
879 780
509 113
787 626
699 33
840 135
385 185
721 124
596 565
815 734
689 75
194 148
302 109
819 261
922 259
806 439
661 400
914 461
955 781
886 383
817 239
620 354
486 402
641 25
218 129
996 442
537 216
538 214
278 272
777 606
820 602
519 204
933 783
582 247
655 39
344 343
552 282
829 391
328 198
517 194
441 425
518 293
963 179
888 585
616 600
907 132
670 480
375 362
947 797
492 377
892 160
880 221
931 25
185 103
792 577
387 178
867 425
462 384
939 47
901 134
216 128
333 276
145 132
474 338
329 58
644 106
459 209
460 110
244 131
777 335
671 197
750 710
654 179
862 170
590 47
661 152
568 376
677 166
316 90
113 15
958 42
963 750
620 488
513 405
879 600
501 48
792 454
522 134
978 123
999 861
852 235
981 611
249 26
844 114
742 609
89 14
875 635
870 204
881 218
862 537
576 253
557 384
481 127
135 99
356 199
447 232
620 274
453 241
753 555
510 439
909 252
703 620
704 518
705 392
820 380
673 124
486 123
344 45
818 222
878 616
184 31
732 494
391 340
557 215
723 92
778 721
820 575
513 494
969 681
833 465
644 314
918 673
739 681
448 254
689 602
961 797
945 123
654 296
949 531
566 515
509 465
970 69
844 622
738 233
386 50
425 117
117 28
462 402
953 52
928 331
818 17
582 62
231 36
468 362
487 446
363 289
971 852
571 126
609 205
940 247
994 389
647 61
822 586
996 62
262 101
666 196
249 202
670 652
820 663
305 51
565 506
842 679
717 655
474 419
495 447
730 380
687 540
642 111
796 751
690 422
504 429
632 207
948 40
253 206
833 642
716 462
750 454
202 67
590 585
832 266
439 217
442 111
960 630
817 571
725 314
581 16
981 475
855 28
305 285
878 231
962 13
679 676
439 387
243 121
850 51
710 645
865 514
779 501
763 232
710 433
583 404
932 733
948 717
956 189
827 481
645 298
315 14
617 557
728 606
746 115
427 354
566 70
394 44
806 665
664 130
311 122
929 622
794 525
854 629
726 696
732 703
731 673
828 43
923 900
791 587
520 171
847 505
522 179
443 275
779 413
968 15
800 427
950 722
433 150
396 30
454 300
899 433
931 439
828 678
902 357
919 4
392 291
970 230
174 95
887 282
451 141
966 395
473 440
695 637
437 162
348 259
152 46
770 582
814 642
691 430
709 443
692 485
929 544
767 512
859 2
754 567
650 182
575 551
389 336
617 418
589 586
873 584
358 42
657 94
884 284
810 59
630 29
686 212
932 595
528 396
824 627
599 487
640 33
290 189
861 839
881 198
892 108
130 105
573 179
776 395
391 81
559 384
726 226
637 299
76 61
342 50
678 77
50 8
789 70
930 928
892 775
850 513
742 238
743 244
874 680
527 429
341 309
624 324
769 442
845 676
798 494
954 547
773 45
278 206
682 231
834 502
527 466
656 532
841 126
880 152
826 172
808 375
659 227
242 23
299 100
192 186
670 117
600 412
267 127
396 12
855 482
471 290
475 240
330 280
518 57
428 202
981 44
893 623
876 259
549 163
880 433
625 517
925 588
560 351
924 64
972 882
464 254
784 250
672 429
610 493
506 255
954 939
884 172
516 246
275 237
518 347
646 300
578 494
924 729
803 147
637 6
923 576
548 21
640 128
675 369
833 540
364 256
184 177
424 352
864 39
479 410
464 28
615 132
873 317
546 397
564 92
931 894
234 225
471 140
400 78
182 65
537 515
628 49
882 341
976 135
652 212
705 683
857 388
529 167
640 430
915 561
536 291
774 528
495 107
672 304
816 469
652 542
597 65
904 756
699 261
508 230
664 553
720 454
517 324
314 283
794 436
899 390
183 136
156 55
709 9
400 54
626 477
789 383
664 13
665 129
757 240
812 778
938 330
840 185
989 894
841 275
419 310
610 466
628 561
850 453
388 337
523 323
814 653
265 87
526 155
527 267
233 16
551 69
489 446
380 270
552 71
974 371
590 515
827 708
919 376
461 0
907 667
373 281
657 297
817 755
621 301
622 453
986 218
567 476
401 126
347 185
595 530
574 310
903 625
666 7
299 58
743 421
834 451
466 220
430 14
693 358
971 356
749 724
491 236
914 884
220 19
898 730
991 220
802 215
906 534
904 749
689 617
465 412
704 38
774 502
674 574
292 122
311 142
948 139
787 606
997 257
817 667
927 320
530 33
401 281
380 261
825 701
910 436
603 343
368 340
246 175
620 408
268 261
986 142
329 305
476 416
349 174
611 167
521 248
761 195
942 904
862 109
501 19
466 215
928 177
820 44
967 640
753 650
183 150
972 939
424 341
991 879
834 727
959 682
961 852
640 4
785 730
398 308
897 32
751 581
871 398
480 310
760 563
909 655
689 390
932 483
654 94
529 138
125 20
752 136
868 57
190 5
906 474
832 469
378 301
840 496
841 25
383 75
629 533
426 298
300 186
979 570
856 720
637 42
429 316
766 477
868 602
470 179
890 215
751 94
536 45
612 376
497 314
996 86
354 133
541 367
463 80
428 22
763 598
449 191
915 8
931 674
497 254
442 349
480 152
636 255
889 44
374 115
340 199
909 231
586 116
768 709
794 253
554 157
771 657
573 346
750 609
632 191
244 208
655 617
887 307
525 471
985 66
658 505
749 227
967 379
870 775
552 512
844 255
689 79
968 466
724 226
341 17
470 202
975 574
734 728
492 227
520 302
574 442
760 722
779 542
446 163
656 296
323 308
821 477
913 246
855 503
436 125
885 710
895 590
850 665
354 15
561 560
548 48
891 860
584 218
693 600
887 826
886 883
572 497
833 396
590 389
549 473
980 369
226 53
920 764
690 401
827 611
964 141
985 333
568 280
345 46
808 263
976 750
982 542
973 300
906 557
905 140
969 410
671 636
249 125
892 292
566 557
685 65
57 24
754 718
739 532
976 194
920 185
730 487
981 106
754 8
416 137
834 307
878 738
994 616
904 398
761 464
831 689
724 566
688 299
713 61
603 146
804 49
987 849
644 510
592 470
577 38
998 485
262 22
762 423
637 537
546 133
949 653
434 1
397 139
402 86
573 18
813 756
812 448
428 108
575 6
747 342
674 367
812 692
823 704
534 488
845 8
712 6
977 144
719 374
317 26
837 828
851 499
157 6
877 395
730 309
513 163
985 727
979 678
399 386
806 70
455 364
586 547
773 332
793 211
633 550
947 290
977 756
997 765
619 90
748 177
923 758
828 651
381 174
899 762
916 708
682 323
796 432
823 399
962 912
598 343
304 202
948 454
486 38
821 193
635 33
914 366
951 40
534 112
951 637
941 184
922 869
956 356
870 184
945 396
789 678
658 414
773 284
903 303
258 125
810 574
757 282
171 94
872 481
563 295
174 57
944 676
857 6
486 256
509 438
329 48
455 357
903 194
810 705
860 176
723 224
336 174
706 293
883 3
981 348
394 9
291 76
610 370
496 489
955 652
667 434
614 330
651 99
913 373
686 547
819 546
969 875
624 442
733 120
720 398
962 794
898 814
308 245
418 373
720 712
909 615
900 110
557 59
999 893
298 280
816 251
542 106
746 699
411 43
873 797
927 532
837 218
931 154
880 813
880 739
989 432
97 53
133 31
703 406
407 31
637 247
467 368
432 318
896 676
841 745
378 156
572 405
917 265
883 777
774 215
775 170
248 54
812 799
819 116
694 469
966 726
843 330
975 478
977 106
850 760
838 134
653 570
673 324
586 440
473 315
932 345
807 234
592 148
938 343
424 294
815 563
632 448
703 352
800 65
765 380
524 204
839 96
533 374
572 106
883 186
922 839
703 623
499 334
920 577
339 249
584 253
86 40
286 101
586 154
549 278
627 129
827 156
955 829
765 728
725 335
950 101
922 742
977 837
710 358
751 224
787 539
536 495
818 564
934 68
642 342
318 293
780 368
873 146
505 251
604 215
733 653
881 210
536 30
867 865
577 300
544 494
672 19
619 169
985 806
858 137
640 460
571 458
436 412
718 527
600 239
439 58
98 79
903 395
775 470
727 370
949 820
676 116
823 799
402 34
902 94
937 75
740 36
897 865
600 281
528 22
868 844
235 123
605 24
611 503
365 169
349 239
495 30
867 403
955 593
213 21
657 508
911 281
986 431
552 299
456 128
861 630
645 484
665 76
497 191
478 107
717 254
540 431
887 469
210 147
846 392
799 418
983 14
927 180
622 74
783 709
967 214
665 488
936 196
592 273
296 238
902 498
903 384
876 865
652 128
902 438
671 179
752 215
752 434
972 63
865 83
210 104
338 53
340 110
480 426
742 531
454 402
990 224
349 339
442 119
575 499
889 399
879 389
619 349
674 512
513 360
987 465
720 237
552 274
456 135
948 797
592 377
775 541
207 111
228 32
898 489
978 323
639 168
568 327
641 460
612 513
883 602
665 454
700 623
965 381
633 442
690 454
393 222
886 533
433 428
858 10
876 874
540 88
772 769
537 329
277 206
924 645
920 599
935 525
673 270
658 357
949 779
35 20
491 3
888 97
352 331
598 322
351 88
851 150
484 405
728 22
740 48
107 51
644 167
537 107
594 579
495 247
723 336
635 50
653 437
214 14
922 858
606 337
533 223
516 438
441 175
792 705
956 280
580 513
979 250
981 856
657 197
512 155
586 190
824 157
809 395
441 24
612 472
830 87
540 150
744 479
997 51
691 687
996 858
396 190
452 35
290 271
437 76
985 743
848 711
973 532
392 323
911 142
728 29
304 106
450 201
604 445
643 123
346 22
643 20
919 841
975 203
922 446
580 182
876 515
431 206
347 61
916 269
402 320
495 109
437 272
724 259
889 255
525 441
727 278
195 97
895 598
583 391
969 764
815 255
625 322
680 190
989 535
679 178
612 3
812 496
796 401
745 472
248 96
265 262
914 588
290 262
842 811
965 84
879 813
993 343
956 93
888 245
601 282
656 470
983 494
698 644
787 246
643 29
717 62
917 191
792 672
377 304
505 235
692 185
530 44
896 276
830 823
937 936
936 160
936 757
663 439
921 268
632 601
706 365
798 159
537 213
414 307
490 93
91 9
610 241
813 109
496 305
793 317
794 437
443 193
771 204
906 121
649 454
897 151
983 590
328 31
571 205
679 164
943 308
840 457
947 121
577 361
705 348
640 229
357 156
302 66
604 435
641 447
678 595
805 169
916 428
385 249
847 482
907 455
480 313
777 309
155 121
727 219
765 224
776 170
715 97
554 340
661 464
610 322
539 287
911 407
690 567
772 280
829 783
916 36
680 172
274 47
476 23
701 63
684 25
481 452
45 6
686 339
637 119
584 413
468 198
876 75
913 815
511 224
884 496
464 11
827 249
543 168
880 323
925 808
880 806
897 635
537 524
592 348
703 468
478 49
650 251
987 831
746 183
927 25
675 241
824 661
959 574
143 26
950 670
572 18
511 454
367 77
762 63
646 189
280 71
906 903
870 348
928 376
953 480
951 169
683 391
346 200
844 2
518 333
424 28
615 488
267 13
731 215
924 508
609 396
863 393
855 385
645 529
630 113
756 584
761 134
687 234
428 24
926 252
287 280
677 373
36 24
627 407
594 542
761 572
903 9
100 61
672 91
816 24
432 357
488 279
677 651
966 939
54 17
862 194
874 668
741 377
889 352
869 794
543 439
819 13
820 133
944 680
948 431
859 425
384 375
293 259
277 244
478 346
173 67
528 94
902 167
970 30
930 139
803 747
734 232
520 296
497 313
522 65
334 110
561 26
690 181
502 10
139 76
964 446
692 603
513 351
784 170
989 797
385 204
386 242
170 167
971 908
816 168
852 417
685 412
687 448
730 546
692 157
909 689
658 93
897 742
273 249
220 219
476 77
662 588
938 765
457 39
479 192
742 718
618 584
638 406
624 415
802 592
571 376
605 362
421 199
976 829
277 253
813 528
375 140
543 246
670 394
889 876
949 555
624 89
622 63
626 510
572 217
385 84
993 831
540 383
598 557
943 434
858 631
361 53
762 282
989 773
457 215
755 344
520 446
297 107
811 55
962 817
816 175
673 77
854 412
710 497
808 420
935 397
258 213
924 234
861 38
917 825
554 133
956 785
557 248
172 154
669 628
907 413
845 428
675 318
487 455
513 114
248 193
492 324
864 810
919 12
848 770
894 468
373 50
980 78
794 52
975 498
968 743
325 191
899 97
735 411
755 176
810 240
613 50
317 0
905 727
641 172
299 264
818 445
700 212
838 119
640 490
537 35
920 341
666 36
207 44
579 408
882 846
251 78
565 411
750 563
582 191
915 602
235 21
781 214
883 539
537 204
901 595
961 330
978 509
778 315
530 81
949 488
513 75
894 775
805 29
988 787
774 550
954 943
542 252
844 613
987 744
784 287
926 803
946 299
411 274
233 195
395 124
509 459
609 424
517 111
849 505
539 30
261 214
745 312
191 149
529 228
451 165
752 294
751 502
917 661
438 429
956 253
631 395
725 125
600 143
984 185
655 171
125 55
850 690
955 198
698 81
310 294
113 90
148 114
702 697
632 213
833 353
689 676
320 1
543 427
909 0
586 292
215 42
945 430
716 589
609 48
809 67
646 607
991 826
872 176
191 13
829 253
823 672
92 25
883 715
352 257
604 396
560 432
941 621
653 494
508 329
891 490
311 227
828 463
115 89
704 522
137 82
819 193
845 463
930 826
73 58
900 493
696 320
517 266
294 232
683 542
852 706
317 244
390 202
836 430
860 308
553 62
807 287
862 645
991 340
903 80
728 52
525 128
670 486
