1000 9978
161 99
642 569
950 301
627 464
989 713
403 26
795 748
977 129
416 159
697 2
772 724
646 197
9 0
816 656
930 392
678 358
811 407
801 157
549 535
824 322
554 447
460 334
981 924
951 820
808 574
327 254
458 379
994 281
541 324
800 66
873 652
269 129
752 331
454 135
222 99
943 774
728 228
506 222
344 237
278 21
550 109
758 448
923 288
947 179
472 337
607 229
960 38
923 170
961 787
410 11
563 67
782 739
842 54
405 276
559 503
896 724
949 59
932 27
849 675
794 36
698 608
818 158
983 696
984 714
953 893
898 6
651 450
778 325
656 92
414 380
186 135
263 9
871 244
230 196
343 319
769 140
453 427
633 455
559 555
360 317
719 177
628 78
557 182
334 209
615 320
902 777
936 681
901 697
851 105
817 410
674 485
983 109
495 311
685 675
959 452
878 471
265 168
806 336
289 50
497 183
579 49
483 356
979 963
360 249
488 462
752 683
753 326
825 81
167 134
631 381
868 17
815 618
66 55
431 381
858 11
380 347
133 131
617 416
691 681
341 96
677 454
532 319
551 493
605 5
435 20
308 270
75 13
592 369
938 901
887 426
662 52
448 409
658 4
970 306
933 142
934 217
611 60
792 706
481 327
801 628
752 198
458 309
728 111
648 272
981 500
678 444
903 601
941 94
767 20
895 35
328 315
864 349
634 315
612 179
818 130
995 319
372 83
286 263
414 344
343 338
490 226
116 88
686 228
870 65
798 482
546 395
908 358
72 30
879 765
537 116
727 441
450 391
508 369
935 652
835 571
364 36
219 127
755 33
931 394
418 331
898 705
719 555
934 489
885 863
855 59
713 710
878 136
660 59
902 698
740 233
171 158
523 325
692 340
711 536
507 6
551 179
241 86
412 51
694 665
882 393
497 445
833 315
635 243
726 46
730 165
952 215
611 378
785 424
374 244
895 562
625 10
365 271
368 61
331 131
503 385
681 153
455 290
717 715
421 414
340 34
748 231
884 551
693 495
445 377
249 104
502 330
931 558
415 321
610 115
867 384
995 727
409 280
581 402
999 135
875 125
235 218
843 411
809 287
573 238
956 218
724 110
869 109
571 501
607 467
281 71
652 82
514 111
718 503
885 334
941 44
893 851
840 321
325 263
665 154
684 338
408 237
818 392
985 545
718 145
333 141
513 207
295 209
874 523
579 346
851 417
779 140
413 134
215 30
595 591
684 7
522 230
228 155
930 159
459 345
774 51
946 941
746 491
856 283
33 12
507 437
237 228
755 347
949 2
939 96
814 362
742 631
551 87
829 593
939 241
856 303
816 580
748 519
568 229
967 807
421 207
479 89
322 260
930 583
772 422
169 143
740 370
597 215
804 535
363 321
929 93
956 698
740 705
784 619
678 139
679 422
520 53
424 106
705 239
814 443
904 488
636 513
930 920
255 85
844 758
719 506
936 249
562 259
874 625
675 608
836 629
902 838
947 372
931 859
830 643
779 671
836 580
358 128
783 779
220 161
277 166
940 682
173 21
466 33
997 616
868 99
822 227
934 260
766 279
573 468
651 310
210 26
484 461
780 146
780 704
931 6
524 143
728 530
196 104
859 824
950 145
606 535
931 386
591 353
723 281
727 353
693 433
931 356
769 65
347 125
864 833
846 81
794 564
923 89
172 128
618 464
968 255
897 293
618 355
190 57
949 249
494 222
945 610
413 396
143 39
608 420
497 27
766 435
967 803
308 21
422 53
318 234
929 839
677 545
513 512
893 683
899 635
369 178
521 13
905 147
946 514
434 366
877 26
832 421
575 343
887 449
623 571
327 142
240 48
407 22
825 731
999 920
581 51
255 73
866 62
761 204
526 378
329 88
476 281
442 409
595 341
117 25
581 362
838 75
586 48
476 136
477 225
600 364
619 56
840 443
876 425
809 480
921 222
903 282
210 111
410 349
823 113
85 4
513 484
254 124
861 396
183 160
665 161
376 234
638 198
257 87
996 516
870 53
488 130
923 647
608 243
967 65
205 27
845 467
488 17
569 264
770 309
868 828
924 638
907 360
983 477
959 518
863 635
831 25
392 294
986 82
713 698
863 821
795 632
190 98
816 701
527 417
530 391
918 641
554 257
517 155
777 38
852 750
542 358
156 37
986 884
750 133
791 605
156 84
626 318
867 56
793 154
728 338
217 211
645 281
350 17
891 799
531 350
786 494
829 93
758 45
302 199
549 78
861 812
787 569
865 297
919 76
830 633
908 803
467 117
771 198
753 636
207 127
335 42
837 212
729 507
311 45
391 149
509 212
55 40
666 127
999 465
642 228
993 792
443 315
742 445
629 324
822 485
571 39
609 488
832 521
941 489
836 193
609 345
828 573
686 455
195 104
927 827
438 284
461 149
798 44
470 173
181 54
589 153
702 456
993 708
856 824
124 32
252 109
473 360
972 886
440 95
904 494
322 31
360 214
379 82
938 181
523 469
565 114
345 215
973 493
646 285
247 200
692 107
929 783
694 521
753 67
902 570
852 625
781 395
911 824
806 38
425 73
189 32
635 464
839 42
843 484
457 376
735 85
795 354
973 965
724 282
748 224
910 220
872 453
677 172
424 30
226 150
669 536
231 139
639 286
714 163
914 417
576 128
903 559
596 195
634 122
945 509
912 130
698 671
292 108
981 648
847 648
540 410
173 159
970 964
748 277
969 64
456 365
918 27
443 121
559 287
376 68
908 37
840 499
987 612
839 767
936 596
666 83
851 213
870 147
304 176
656 421
348 169
210 198
653 456
927 249
822 449
971 953
846 459
828 594
560 208
873 32
267 226
769 100
863 780
954 40
901 623
295 208
997 520
831 482
262 27
983 167
676 541
228 132
798 8
417 51
950 327
100 94
265 231
104 25
746 488
323 313
826 448
265 112
214 61
492 311
958 102
829 592
740 29
388 138
579 153
527 409
752 628
876 705
496 129
683 247
955 906
598 6
968 751
584 567
460 443
942 531
672 243
946 494
625 53
454 153
791 762
596 402
445 442
988 151
909 331
855 755
969 544
915 433
679 417
630 177
873 801
467 207
178 166
625 279
297 268
526 415
748 91
897 557
933 423
990 168
888 686
705 264
763 638
231 60
804 468
842 99
417 400
917 659
993 501
150 34
406 152
339 231
638 457
913 724
685 360
463 334
804 138
898 211
996 658
723 58
746 42
734 664
603 528
896 432
721 685
519 374
129 127
408 202
634 594
963 376
230 169
196 105
513 185
200 108
456 246
461 123
693 432
784 500
111 15
519 20
686 511
961 44
858 352
215 61
988 739
366 187
563 272
722 307
990 504
588 392
399 219
312 243
792 189
795 750
924 906
542 105
375 168
360 159
845 392
388 223
707 443
412 197
270 223
218 148
703 143
355 21
962 23
636 98
527 509
584 541
749 189
588 253
790 769
811 294
869 740
868 707
697 339
202 165
863 474
973 518
706 387
377 271
819 160
750 710
786 107
134 92
279 91
636 550
175 154
748 40
606 154
990 245
988 462
326 237
386 14
939 838
762 239
987 944
657 393
987 654
514 306
779 172
573 277
998 304
761 45
154 133
726 661
893 568
395 181
433 122
719 108
480 59
443 161
999 428
819 570
987 428
591 38
817 45
789 207
556 334
371 48
820 747
968 776
958 601
461 31
888 245
816 114
824 605
950 493
536 337
778 178
820 521
916 139
842 829
882 382
793 471
498 119
157 72
157 97
181 66
912 320
336 245
695 633
990 635
664 467
775 449
778 359
318 52
998 650
711 455
180 61
241 57
811 501
388 66
160 33
180 172
881 105
934 509
682 106
496 201
721 384
672 204
749 50
293 92
388 352
943 502
529 358
786 79
606 340
843 2
520 127
943 103
804 703
662 565
807 564
687 98
467 135
752 87
771 479
865 296
538 510
667 30
687 211
734 218
917 602
562 91
709 280
103 57
912 54
931 786
913 771
511 468
573 313
810 669
867 580
281 105
83 53
672 598
767 231
562 189
690 326
805 535
348 198
721 612
594 234
821 40
909 180
253 95
988 22
880 695
922 388
941 488
893 409
357 225
584 187
751 305
54 3
737 387
958 629
134 107
745 136
618 390
929 337
821 291
20 6
962 411
928 535
285 102
802 48
909 76
635 550
621 519
252 110
949 48
879 179
848 429
831 60
725 537
726 322
712 396
631 323
778 283
564 264
527 388
859 348
293 286
801 303
575 392
119 28
782 242
160 77
587 374
915 463
791 608
502 63
854 65
831 679
568 41
644 134
791 721
768 514
658 102
930 771
737 551
424 112
978 971
960 322
724 283
528 518
984 72
468 89
810 460
648 447
905 592
544 240
834 88
951 841
981 773
921 458
762 180
211 166
601 370
828 47
910 413
916 521
140 41
306 257
509 262
93 71
511 456
684 558
880 262
723 176
656 23
515 220
384 330
668 250
862 571
524 22
338 1
883 275
965 164
931 108
876 690
591 30
758 613
807 311
567 1
953 405
333 139
990 799
286 3
713 309
950 58
347 19
976 929
495 395
835 574
979 598
896 98
826 239
793 286
379 275
767 684
882 134
954 779
993 941
764 166
289 248
897 505
789 699
855 846
750 96
844 221
841 814
873 407
998 850
621 269
911 121
754 174
223 49
260 77
616 147
621 199
449 28
947 781
895 579
770 750
327 23
763 320
728 412
820 436
749 506
734 342
517 500
892 548
919 288
578 226
852 773
947 43
216 95
269 235
930 807
222 21
886 44
889 376
915 637
620 504
948 391
587 193
847 691
648 347
667 41
819 402
583 149
847 288
848 642
540 328
559 476
977 468
457 198
559 333
504 39
857 613
197 12
948 440
959 726
224 166
480 16
861 555
709 97
305 155
537 272
976 720
663 336
835 204
794 481
888 508
304 93
837 461
918 336
915 655
994 202
817 145
266 233
983 868
585 397
897 25
557 79
778 117
865 257
928 881
751 361
563 99
834 615
938 607
580 7
138 62
452 402
632 334
962 451
954 759
416 291
971 531
902 199
426 132
919 67
736 637
447 238
746 426
933 595
897 453
661 420
242 220
579 231
856 608
798 775
964 555
927 673
569 61
804 356
848 4
223 132
834 43
119 87
284 8
750 239
878 416
132 84
728 457
156 114
873 736
565 218
327 251
809 776
780 288
957 128
407 163
950 277
966 101
960 283
430 371
820 319
715 35
862 150
899 168
293 153
387 92
965 663
178 75
822 800
606 155
883 818
330 158
903 737
669 179
654 301
325 153
739 617
850 488
984 350
268 47
748 652
857 241
610 424
849 672
761 44
837 143
766 319
677 664
986 193
680 198
864 291
438 202
420 321
372 122
638 373
785 637
804 175
867 557
736 237
591 33
576 262
371 130
462 111
324 116
480 282
923 664
798 276
233 54
694 197
876 728
851 87
870 442
712 36
215 83
471 453
898 585
771 749
379 362
982 21
716 619
647 571
208 146
779 745
584 461
876 386
697 178
241 222
739 555
665 652
425 407
902 163
375 143
308 68
735 447
772 715
755 277
332 66
795 634
378 256
792 440
904 210
971 283
657 526
948 59
401 200
458 267
331 11
521 47
136 11
708 667
378 226
655 444
930 653
972 272
578 187
743 727
729 61
531 243
400 287
832 306
500 416
865 446
810 489
151 51
526 421
760 229
787 571
992 551
576 166
406 103
923 139
306 139
936 46
221 60
594 566
645 586
540 432
887 448
853 695
837 210
875 35
433 20
935 837
813 361
500 100
871 55
638 262
395 208
666 125
685 175
652 56
106 14
932 280
770 431
628 399
849 430
723 501
906 703
580 298
867 467
909 568
989 330
846 493
558 289
262 162
928 842
746 65
450 386
943 680
888 137
854 571
546 360
641 68
898 557
650 410
622 438
346 117
954 884
613 17
542 23
822 396
555 152
919 313
741 189
669 176
393 109
782 465
450 70
720 104
722 538
482 343
389 249
636 52
393 254
401 283
366 317
684 421
955 415
318 160
763 33
873 559
217 19
660 651
536 266
136 39
264 252
303 69
770 698
467 222
679 302
216 68
786 432
831 509
592 567
517 288
921 687
946 298
819 8
550 424
793 613
781 252
529 99
876 190
995 796
574 397
758 190
634 120
943 856
505 324
861 191
130 65
595 271
406 242
547 400
969 70
814 422
324 174
842 303
901 655
901 826
187 126
794 394
633 162
376 181
884 21
866 552
357 179
728 569
370 318
813 128
993 665
618 104
820 684
965 453
604 11
346 311
256 83
939 709
523 168
676 543
471 397
800 527
945 746
488 107
569 326
181 8
717 70
534 516
959 451
786 577
90 82
271 59
608 411
756 515
578 319
137 35
764 22
664 268
518 411
863 536
425 376
298 246
482 379
744 90
730 21
313 148
806 358
754 175
910 384
895 578
550 155
644 212
649 186
725 399
706 635
971 3
899 830
574 252
868 409
891 872
341 263
878 598
921 651
615 545
118 91
725 225
672 467
657 129
739 624
278 139
999 855
966 36
415 294
511 137
918 475
667 217
338 305
600 228
895 23
454 347
828 460
358 135
714 423
862 759
611 565
814 122
729 674
805 605
534 117
794 494
923 526
619 383
267 34
777 217
644 453
385 179
974 239
977 313
831 546
572 42
695 83
614 1
962 574
710 628
896 208
366 206
537 162
613 375
996 321
413 285
821 282
604 158
769 503
474 119
650 82
671 504
711 703
837 512
698 326
460 21
817 604
889 189
712 374
878 71
669 120
981 838
772 359
593 454
777 15
635 207
651 546
412 118
929 836
911 92
611 294
905 211
946 513
708 672
964 714
952 146
554 435
574 9
649 214
815 289
568 482
921 758
723 702
977 722
652 578
657 220
725 133
943 50
965 662
931 538
383 1
610 71
994 230
353 214
540 318
466 335
526 377
840 704
931 747
895 186
802 644
235 167
770 166
681 257
727 706
582 67
268 191
291 102
838 604
511 387
573 388
609 447
558 40
300 232
741 627
267 78
999 331
537 412
556 328
918 803
798 277
627 229
370 326
841 248
779 120
793 730
875 531
845 247
718 127
902 390
870 266
569 537
876 755
593 247
167 92
868 831
775 285
795 235
955 633
351 272
759 695
617 138
857 443
824 300
806 460
612 395
933 137
501 453
941 297
673 394
750 550
592 230
998 346
759 74
264 193
857 198
839 434
217 167
937 190
921 801
279 11
430 285
929 578
292 262
776 203
853 483
340 10
249 148
531 355
320 118
874 549
141 120
625 477
439 375
799 503
878 872
983 164
980 184
489 288
906 626
420 279
908 60
867 282
878 560
714 511
989 167
954 922
699 510
760 0
499 84
539 146
486 370
328 108
662 337
793 230
979 719
638 112
196 163
548 344
964 681
357 112
640 238
732 412
627 110
920 14
719 646
744 306
851 630
779 245
589 150
242 3
849 105
940 320
427 159
670 105
880 180
836 295
124 35
312 173
602 210
968 536
971 427
555 40
632 613
129 50
194 64
748 543
804 793
52 38
399 35
610 600
865 8
893 365
624 612
824 38
351 187
653 637
892 397
454 176
165 163
293 126
839 39
938 756
478 197
835 644
643 345
681 310
406 401
583 273
835 789
415 333
400 26
569 469
573 121
976 92
912 133
382 131
936 11
794 233
875 14
782 590
767 52
590 535
535 146
439 121
277 142
416 30
653 227
396 268
254 40
820 174
883 440
206 143
428 125
917 463
791 227
210 197
915 738
842 526
348 347
798 365
451 66
842 657
920 251
929 371
566 72
219 95
882 309
959 395
447 103
731 56
972 774
846 795
741 79
523 276
996 732
885 138
982 49
777 129
560 287
930 353
15 1
143 124
626 16
389 220
657 580
530 458
821 249
810 106
136 117
834 116
247 169
708 589
869 678
473 148
701 260
854 226
801 470
914 800
492 103
807 664
331 163
829 416
374 71
583 113
431 132
930 554
383 159
790 565
331 304
118 88
964 752
936 457
738 109
645 495
630 39
316 59
912 338
700 401
919 410
909 187
749 572
718 565
684 637
960 253
429 22
469 254
785 262
662 76
818 326
305 153
960 654
642 56
82 77
651 137
484 457
818 473
395 104
508 471
733 234
472 115
974 236
871 860
200 111
708 463
451 62
548 400
343 116
864 837
205 115
812 29
724 689
618 476
769 502
948 613
209 129
637 193
855 14
991 67
661 305
845 52
263 249
933 144
860 599
575 236
902 852
837 801
436 206
521 160
691 592
857 376
565 183
948 33
942 293
593 342
460 331
355 103
283 194
765 560
895 609
861 689
401 115
863 455
866 361
978 879
578 85
65 14
526 173
758 384
682 407
921 757
482 209
728 233
946 352
838 274
833 660
882 590
991 304
886 14
282 168
725 132
799 653
583 234
490 311
875 356
736 675
827 604
790 320
424 217
957 465
852 249
672 367
377 223
396 103
324 264
936 52
442 421
802 645
843 423
974 959
996 851
558 190
207 20
913 693
845 690
511 386
884 320
780 35
628 437
595 36
462 109
944 476
690 304
994 926
382 260
768 451
443 384
964 38
638 85
643 148
917 104
560 252
929 330
413 217
750 738
915 907
533 56
869 240
693 258
252 214
309 9
795 497
792 109
811 187
868 824
464 46
687 199
768 22
787 306
863 16
953 30
422 363
423 134
872 458
871 700
488 307
967 965
623 167
184 76
863 756
578 356
426 9
712 482
640 335
980 88
275 228
541 1
869 692
998 792
530 274
180 175
398 226
956 536
646 452
778 580
563 486
670 462
854 187
566 143
400 386
365 294
398 301
796 96
213 146
913 196
643 495
455 309
592 261
830 771
444 74
635 441
799 720
250 137
23 6
687 111
924 371
781 214
681 66
420 50
738 21
829 202
488 458
864 512
359 63
606 4
933 590
928 264
866 366
442 296
872 829
747 239
342 94
586 163
994 620
573 423
617 527
870 235
338 24
690 325
908 396
819 539
802 343
822 334
864 432
931 307
862 455
567 62
665 50
920 860
742 0
524 339
618 114
927 150
361 235
931 339
751 306
299 173
967 146
820 633
659 573
376 58
560 22
869 20
872 264
964 312
507 319
881 718
773 478
955 535
205 140
617 212
981 539
764 157
603 25
622 295
623 74
823 532
975 841
817 667
929 33
413 368
622 150
934 306
493 34
848 63
167 161
869 327
545 113
431 284
844 11
368 340
701 398
961 481
897 889
910 426
967 207
551 396
735 179
354 138
320 262
621 72
878 713
679 296
937 153
501 250
672 90
909 291
857 82
711 91
643 459
754 506
773 692
979 483
796 251
306 75
606 198
697 618
700 287
563 17
235 64
677 57
553 107
771 60
758 188
995 730
192 157
598 533
526 310
876 207
808 55
386 245
795 339
466 423
893 524
699 319
652 79
819 710
804 146
921 391
543 150
477 342
975 459
599 591
662 131
993 824
614 136
671 83
486 287
957 419
974 0
903 124
851 311
928 872
929 385
795 330
403 151
974 290
266 180
998 484
637 60
803 662
996 554
627 506
719 522
812 344
216 97
946 934
834 307
721 146
951 909
542 384
857 498
807 36
523 501
119 76
303 261
109 54
716 482
830 110
835 733
670 503
933 173
505 162
551 432
703 373
670 518
855 542
968 2
435 83
810 141
792 656
832 461
563 335
529 291
639 472
506 196
715 56
882 458
652 559
544 160
601 433
349 139
903 766
362 278
366 236
797 659
553 208
97 60
798 212
652 156
878 686
476 80
595 410
888 400
462 231
871 121
908 453
896 517
954 263
883 407
918 170
816 364
548 179
290 159
770 405
832 710
941 412
944 384
891 453
846 43
831 445
928 884
985 837
858 509
486 394
713 470
835 287
717 262
771 754
461 200
769 563
617 114
780 636
215 57
950 436
690 254
989 594
993 663
998 399
882 147
336 13
924 902
673 130
871 739
962 318
803 515
678 669
950 726
466 315
460 102
557 528
564 542
274 222
369 36
785 181
518 102
436 382
482 396
924 219
302 86
786 212
881 210
919 464
758 312
298 266
544 494
853 92
790 198
801 497
758 427
479 350
540 519
819 213
877 311
574 361
960 397
526 460
786 265
690 106
520 165
961 789
563 73
841 367
848 803
553 163
477 75
315 144
903 627
857 555
966 391
676 191
947 269
255 170
666 501
596 118
714 473
571 304
960 247
903 273
597 524
304 124
983 916
361 125
537 98
556 330
371 52
300 8
907 48
447 331
533 214
58 54
519 487
903 68
872 670
814 737
694 75
589 287
831 294
427 36
252 215
289 91
720 353
925 423
833 646
955 806
688 143
427 181
670 115
632 555
533 281
826 277
665 657
208 36
523 351
711 562
488 308
768 134
990 639
590 341
669 90
911 13
806 349
829 660
687 554
781 529
854 73
492 138
865 864
95 63
856 754
75 3
758 260
815 199
663 356
169 91
715 448
790 498
900 342
919 218
278 198
672 285
601 489
676 509
749 737
952 637
791 28
859 476
931 649
549 218
879 839
330 256
685 394
154 114
687 332
827 64
568 112
487 474
642 479
736 430
828 502
906 6
176 89
747 238
788 612
755 747
535 249
974 779
277 217
816 421
762 481
936 926
486 225
955 198
989 214
573 535
595 195
443 318
708 354
874 118
452 160
695 100
733 209
606 577
510 332
558 292
578 408
798 375
357 237
584 191
414 124
319 259
519 459
71 25
944 39
319 161
896 154
775 242
872 265
319 54
821 336
650 104
872 408
873 865
926 245
904 507
557 455
941 936
857 405
460 174
722 537
804 795
403 310
960 326
958 4
446 376
753 70
535 522
260 228
387 16
801 456
878 718
660 517
757 519
354 122
730 449
978 967
761 429
691 470
435 276
607 170
829 124
550 265
853 374
411 271
710 161
362 307
179 146
550 318
921 462
353 28
559 452
429 159
657 452
732 536
733 369
329 27
794 247
705 464
154 86
433 53
469 415
842 219
736 330
719 179
996 788
870 773
395 241
604 369
879 569
591 117
741 568
707 616
619 404
417 394
385 84
443 346
851 329
745 334
963 387
746 17
653 451
72 32
651 238
465 23
546 280
513 193
861 717
708 100
30 8
932 620
717 425
902 76
464 88
674 39
917 642
641 214
859 110
664 113
594 270
812 345
836 343
613 232
492 413
114 107
705 564
557 555
764 17
857 497
530 441
569 37
679 24
828 803
599 321
565 81
640 264
588 214
237 0
855 63
976 368
887 74
790 319
892 316
730 131
839 487
881 53
554 85
517 111
496 21
597 209
927 752
874 822
798 600
861 732
825 478
819 310
792 657
616 437
985 335
531 300
112 84
865 394
331 306
792 768
616 452
728 190
250 206
801 566
752 4
952 582
202 45
794 773
444 226
838 470
514 440
978 647
998 557
871 410
975 187
895 16
843 445
799 350
535 105
585 198
876 323
272 209
884 854
757 448
847 427
651 479
466 27
989 471
642 54
850 531
780 136
874 63
31 6
519 365
996 622
499 14
528 505
429 327
860 237
555 537
537 54
385 289
704 513
758 756
651 10
512 372
909 718
24 14
847 125
870 365
485 193
858 365
949 850
962 653
660 155
733 571
898 528
739 674
920 72
990 417
622 365
935 432
674 186
802 590
826 481
703 37
137 92
503 3
506 293
638 586
735 468
864 643
804 128
846 535
798 666
322 243
344 295
952 38
869 751
708 675
982 454
463 270
539 439
886 866
703 360
946 399
658 27
914 797
915 376
939 526
905 434
985 252
556 446
435 223
824 30
151 43
706 702
744 629
891 742
892 661
696 504
951 576
809 191
766 577
895 167
606 46
884 660
577 292
858 769
979 248
373 137
620 254
987 645
456 347
663 402
225 130
776 622
871 15
736 370
862 726
489 166
116 67
139 60
286 189
879 742
665 84
594 146
465 462
358 275
569 560
229 14
450 301
537 131
846 183
849 304
650 482
686 540
615 462
708 188
746 267
712 183
824 465
533 439
208 150
261 148
744 360
392 349
786 663
930 197
725 83
915 875
418 401
435 182
916 175
602 253
413 362
436 61
946 766
622 107
270 188
623 278
994 722
227 225
962 116
659 76
588 30
937 917
919 390
740 417
764 319
857 203
714 580
240 195
799 742
867 62
743 723
969 530
952 800
202 131
899 891
938 799
832 310
960 379
899 177
654 243
568 368
683 609
128 83
714 137
531 469
790 354
168 45
500 322
562 453
726 560
272 123
255 248
786 500
884 744
956 205
478 409
302 144
583 494
235 132
625 572
993 48
945 181
747 225
924 353
810 809
978 608
548 101
876 538
969 136
519 292
996 599
263 106
357 155
837 385
561 71
693 578
966 958
608 38
537 238
441 193
647 17
911 428
452 327
756 642
671 300
380 33
971 590
664 22
209 207
191 75
621 514
603 27
161 44
824 348
878 147
788 255
919 855
522 47
190 177
707 489
673 73
929 39
379 104
716 361
312 31
76 8
518 435
425 256
543 516
985 376
624 520
881 447
809 682
972 82
995 179
726 33
838 559
397 299
569 234
878 859
855 205
682 75
611 355
960 697
852 639
154 58
986 706
849 771
772 88
991 84
703 416
753 670
801 440
677 197
383 228
863 174
222 34
353 305
500 384
505 110
583 31
797 409
696 449
920 818
795 55
444 223
669 530
249 113
306 216
258 151
757 201
814 128
818 127
981 401
509 400
329 26
516 266
97 22
975 183
903 442
211 26
850 402
812 733
736 331
844 830
872 795
870 826
858 850
513 437
287 38
248 192
183 113
352 51
816 322
768 741
515 336
873 256
567 28
680 416
408 99
889 622
980 659
712 17
256 87
628 141
423 405
464 202
851 422
817 330
778 259
962 36
664 195
441 78
223 147
579 464
786 554
894 731
521 431
764 163
858 168
716 318
788 147
627 365
699 584
114 104
542 390
265 122
764 18
201 180
470 429
971 328
978 459
241 107
986 802
817 790
982 72
701 400
407 293
449 23
791 643
497 291
460 433
743 650
946 488
928 99
964 865
623 556
717 535
577 140
616 438
763 185
839 4
198 148
681 582
773 662
544 162
448 119
411 381
88 30
785 72
955 89
790 443
994 222
767 503
733 291
810 572
922 914
211 73
999 160
726 632
268 0
476 163
761 27
944 725
581 256
709 475
747 24
486 76
639 30
415 64
950 913
511 491
462 229
687 500
514 74
718 474
439 207
405 75
618 150
926 743
528 178
927 74
414 411
129 25
628 451
850 69
870 0
909 636
897 28
998 164
105 27
858 507
950 815
555 425
662 399
647 89
543 408
488 60
508 39
864 823
683 269
976 785
826 380
869 42
637 222
967 589
753 449
332 196
831 226
617 146
892 12
858 140
952 457
170 138
632 561
483 193
66 43
503 2
820 192
214 83
640 358
825 174
184 34
702 228
820 527
647 541
318 237
506 405
913 435
806 134
899 608
627 615
810 77
976 349
761 665
977 564
930 610
574 13
575 348
616 259
264 184
728 381
972 386
929 698
805 455
735 26
597 101
891 776
843 253
472 426
550 101
778 241
511 91
853 444
992 528
258 172
188 45
944 915
690 235
726 533
775 170
790 310
594 591
666 320
279 65
836 528
620 255
676 185
568 546
921 310
885 237
500 13
581 228
672 576
785 487
997 628
729 642
829 770
880 562
96 1
349 337
530 63
685 215
814 773
926 707
656 483
888 556
803 20
567 215
860 67
998 921
632 34
741 704
817 176
837 317
152 49
806 663
717 296
591 499
205 20
650 483
924 710
788 117
717 441
962 288
356 23
564 540
987 541
756 720
685 556
835 195
873 788
342 49
824 304
825 89
365 112
958 159
392 188
156 141
212 176
590 458
731 688
659 79
881 99
402 156
630 422
354 229
830 751
321 20
288 219
532 438
831 224
351 208
887 418
890 130
620 287
930 761
701 186
444 69
355 354
711 1
966 209
457 423
97 43
689 636
373 251
672 654
583 344
552 180
292 119
330 270
900 630
704 31
525 95
684 576
978 293
847 101
987 529
913 662
812 723
883 416
941 192
745 455
803 163
567 138
92 42
681 515
976 669
741 659
524 255
200 91
736 125
827 406
940 911
428 187
690 674
508 137
418 97
384 49
992 326
525 439
921 236
893 26
825 810
897 245
347 186
992 309
744 310
300 268
751 29
834 731
843 834
356 11
699 396
332 12
631 424
617 362
764 15
765 290
821 112
735 414
590 439
593 497
581 133
527 386
865 785
900 240
612 58
939 282
812 548
863 362
318 165
976 748
472 213
398 253
617 401
905 239
563 455
526 249
378 3
820 478
401 225
679 293
956 686
648 71
316 205
635 489
467 331
496 457
387 10
943 1
304 169
931 585
986 740
737 682
511 3
977 783
887 676
636 612
586 401
679 664
757 200
278 83
945 502
763 619
231 17
433 218
552 144
952 650
476 216
475 176
631 592
814 240
916 522
231 102
982 826
895 463
534 243
177 46
984 650
183 112
756 182
991 969
301 133
504 495
253 140
477 452
922 371
742 80
909 794
727 484
966 520
805 646
883 218
832 724
862 116
614 30
686 379
766 165
200 198
884 304
560 166
963 163
967 731
548 463
769 494
494 91
670 62
546 248
765 484
769 287
521 430
890 663
983 386
218 8
769 648
536 173
902 876
239 231
935 236
973 313
479 48
669 0
356 269
708 570
624 565
694 637
862 239
972 119
901 189
830 109
635 151
193 120
673 438
951 811
425 29
796 52
644 96
818 687
621 186
677 248
865 392
296 157
335 292
652 554
912 455
141 43
985 954
970 197
280 160
383 104
793 580
938 615
903 763
249 12
514 438
823 416
976 894
885 103
387 260
762 210
763 631
726 633
231 53
861 158
432 314
807 555
676 21
386 327
943 601
913 606
988 182
861 416
904 794
477 439
889 316
990 20
819 596
417 404
681 603
149 85
703 530
758 603
873 483
699 171
404 5
408 64
361 160
949 128
671 635
900 257
722 155
560 66
869 216
806 523
664 32
778 104
636 292
569 357
661 317
891 350
673 135
940 411
618 525
640 359
901 264
939 213
869 668
816 536
892 211
506 402
568 137
808 96
806 135
904 654
460 327
782 718
482 395
670 470
877 670
677 442
554 55
442 418
218 45
621 13
531 221
865 571
863 80
668 66
898 881
969 709
930 837
383 191
770 676
776 163
823 477
887 767
936 425
809 189
520 168
586 61
736 534
666 321
867 448
886 300
335 94
430 198
897 691
984 262
558 194
580 542
301 43
819 658
842 273
871 497
561 383
743 83
799 205
675 499
641 295
647 640
220 12
352 252
975 396
639 21
471 253
557 28
685 103
633 462
660 347
613 261
659 549
91 39
533 68
827 363
976 879
741 417
299 210
300 297
732 292
882 377
855 792
915 411
669 309
925 171
708 205
780 754
803 595
473 276
695 449
242 107
955 843
928 480
602 251
593 404
869 303
659 225
473 54
436 174
720 17
687 567
449 45
270 45
809 733
592 219
960 607
544 414
448 355
568 20
326 260
868 463
706 510
815 192
587 417
678 120
240 84
807 604
900 450
922 646
960 381
925 561
530 67
896 454
933 6
607 179
991 272
683 611
581 61
724 381
505 449
841 447
951 678
420 62
424 185
596 183
444 164
690 140
946 98
639 243
995 563
581 310
958 402
900 518
559 259
883 317
429 90
654 557
538 10
597 557
508 420
913 550
805 528
314 93
727 451
909 562
859 715
721 653
515 391
595 181
814 657
450 412
694 187
915 570
608 56
627 196
519 452
579 361
747 725
841 678
695 263
949 488
966 862
860 501
495 338
851 746
208 3
636 451
599 201
584 382
76 10
5 2
227 142
288 26
809 680
331 92
928 891
905 157
948 229
930 568
852 266
790 554
728 391
568 48
553 316
593 547
577 166
793 156
501 198
250 70
711 87
930 794
681 128
772 233
297 143
942 729
931 584
548 437
363 175
942 328
890 121
856 9
667 432
719 414
991 645
350 279
743 292
690 176
639 151
659 583
914 552
810 482
847 506
443 0
995 559
763 731
857 530
340 72
672 58
794 101
656 14
819 714
949 647
861 91
664 521
685 141
543 243
978 40
651 146
210 190
974 600
897 54
510 405
955 248
663 555
764 616
671 236
513 198
641 9
965 865
257 256
618 485
916 116
848 354
208 193
635 618
854 712
859 98
399 207
497 229
423 245
971 509
608 401
593 67
976 85
762 563
160 130
949 398
873 851
479 51
942 825
523 489
891 147
806 152
844 43
354 315
796 390
838 521
655 77
877 45
626 495
995 765
350 183
936 35
924 98
971 57
591 535
939 551
583 108
994 109
761 334
320 4
433 283
753 722
992 630
539 123
316 48
979 368
541 521
675 619
583 146
306 250
969 266
642 352
929 4
629 496
900 696
685 446
596 239
687 144
302 118
583 291
852 420
292 136
610 415
334 263
605 152
970 823
220 186
573 378
776 708
724 250
429 418
642 53
846 269
211 59
885 297
708 278
729 725
720 716
955 151
495 214
906 881
342 137
508 323
309 286
461 115
816 78
484 212
973 732
767 619
555 427
992 271
702 686
205 110
945 703
570 36
370 62
851 565
854 724
157 124
485 351
843 581
474 224
437 412
522 18
801 73
929 124
934 764
677 538
787 394
993 144
518 494
811 112
133 4
261 95
318 0
928 308
602 151
379 18
622 82
218 156
867 683
864 622
938 117
872 863
482 281
748 604
541 152
554 421
902 619
928 203
288 177
625 120
412 274
364 123
679 492
938 806
965 477
668 67
956 470
924 501
984 152
971 239
491 120
922 290
421 349
886 3
652 463
725 143
946 236
329 246
793 551
705 371
918 655
192 170
601 258
505 405
885 275
681 506
996 969
761 68
383 365
865 230
398 96
770 760
525 394
914 643
898 28
974 819
954 776
850 261
981 92
863 28
665 168
974 246
823 209
970 525
310 58
580 332
600 514
894 420
567 70
290 46
534 373
855 459
324 273
931 267
879 449
555 407
580 98
983 103
987 96
879 54
993 695
941 559
891 396
319 111
398 346
664 428
425 408
855 158
644 485
987 348
555 194
939 163
777 220
482 330
688 481
726 169
401 304
939 304
887 158
997 458
781 525
731 690
350 252
578 3
679 259
957 189
577 297
857 121
895 863
692 535
297 146
999 951
344 211
715 452
809 15
876 81
783 519
696 407
715 341
643 240
990 217
922 857
406 126
966 102
453 49
130 116
847 481
614 564
540 399
529 154
624 280
516 416
719 219
794 14
903 480
231 185
429 89
451 417
822 720
624 375
257 232
813 499
210 72
173 84
410 390
818 267
732 197
995 468
448 189
698 478
370 277
722 62
480 317
939 414
172 35
928 833
600 542
747 401
215 159
876 827
493 473
537 243
404 62
280 68
765 109
423 11
713 402
769 384
474 390
640 147
470 186
804 751
171 123
285 239
769 674
242 140
545 411
393 150
566 307
949 425
699 670
829 579
904 358
388 159
389 226
483 27
802 511
431 283
568 211
986 174
824 189
811 457
706 33
959 31
797 150
854 105
659 109
436 306
672 224
434 303
660 513
592 343
723 655
960 299
748 500
635 491
303 51
843 38
517 297
775 520
840 800
930 906
454 84
353 167
525 159
763 508
783 539
889 70
942 440
376 367
433 216
879 871
576 8
813 309
979 181
802 710
912 10
767 50
771 193
442 201
625 573
785 429
509 143
664 522
367 273
224 1
386 272
794 405
903 341
379 126
528 73
604 508
733 128
515 341
510 267
681 637
800 768
686 270
818 446
200 121
239 184
465 11
266 76
604 2
626 582
920 193
835 348
812 55
560 88
924 665
800 704
232 185
471 394
552 524
916 117
404 321
668 662
794 585
464 92
229 212
733 580
848 498
811 134
599 127
360 172
569 440
898 810
902 866
560 277
869 277
968 570
554 319
664 275
740 6
392 118
670 361
750 219
809 651
773 96
688 568
653 522
981 909
791 532
930 605
800 49
639 630
716 253
845 523
577 129
616 441
815 251
710 487
880 510
734 489
539 205
723 536
596 266
924 257
585 543
767 355
911 517
625 270
573 38
922 878
979 371
876 153
842 25
207 137
692 571
832 671
538 161
760 497
466 388
818 241
844 111
948 860
515 147
543 163
918 60
234 11
396 302
664 614
936 779
846 274
934 89
334 38
580 474
713 255
163 154
829 365
570 271
300 33
928 794
926 373
823 83
750 601
72 64
936 553
722 6
704 517
561 140
543 500
323 81
720 491
871 568
894 363
508 34
642 630
937 894
774 91
613 193
171 50
747 647
751 87
381 220
834 769
782 481
623 137
294 143
632 564
691 553
618 523
811 384
247 26
812 122
801 170
251 223
734 536
626 385
976 336
890 506
564 127
148 72
530 187
947 504
865 712
95 87
922 561
977 698
725 428
734 314
938 807
958 290
317 170
891 781
784 577
914 316
697 564
756 450
327 43
683 546
501 46
454 13
895 210
903 729
923 167
509 484
359 102
895 48
733 437
382 221
865 229
719 198
760 269
867 595
970 297
898 29
538 52
760 380
851 39
819 517
92 65
954 292
569 24
408 128
547 143
915 691
702 519
721 640
922 425
873 477
360 296
384 40
916 31
613 259
888 254
357 69
660 212
707 211
618 314
922 834
289 94
860 275
347 192
898 752
869 89
618 333
507 390
768 57
241 214
646 13
688 275
817 625
412 179
859 218
579 203
707 414
711 446
379 49
752 565
604 526
772 322
742 644
946 589
611 331
539 486
721 511
575 492
890 286
951 877
971 115
667 346
817 556
674 670
529 494
655 346
970 136
679 608
972 494
897 606
841 512
141 113
969 368
250 164
202 97
420 56
916 336
852 27
871 329
672 641
691 159
861 851
809 296
993 475
444 277
552 70
965 924
918 117
540 510
999 122
937 601
624 360
879 544
201 137
850 230
723 12
210 73
480 335
832 660
742 427
689 61
798 489
176 72
728 549
233 137
769 229
404 72
991 584
176 39
471 112
777 244
347 14
404 63
924 694
101 19
414 240
181 139
794 626
523 144
689 360
471 342
989 661
764 155
688 430
933 642
422 393
80 48
940 462
795 533
470 389
661 484
482 367
941 820
948 112
270 156
532 375
56 40
455 96
368 330
810 113
501 418
599 297
964 762
751 653
826 647
587 279
815 369
640 591
643 416
455 390
791 744
978 817
740 720
482 32
320 139
880 565
761 432
541 434
991 249
921 544
761 289
502 321
675 625
767 479
828 177
463 94
598 559
913 853
456 264
843 404
409 150
746 745
896 640
383 292
701 671
872 799
780 18
866 344
953 706
543 145
976 749
690 355
799 135
894 3
931 23
415 142
524 158
939 771
628 34
983 859
815 273
508 313
680 420
756 87
962 141
968 127
897 165
256 43
475 81
737 422
276 38
684 107
689 315
747 525
731 128
791 749
647 390
209 158
899 425
399 201
967 96
741 72
674 147
802 476
569 447
916 340
898 811
669 108
393 177
532 530
697 99
950 639
990 568
241 111
369 50
942 831
51 6
857 357
506 381
469 119
808 703
981 234
545 128
958 582
947 788
877 43
199 67
858 497
973 536
703 371
928 103
838 670
999 248
739 39
905 409
501 216
984 190
820 300
843 197
516 37
900 388
630 143
316 67
440 330
796 213
959 699
598 361
212 28
819 108
914 360
329 216
891 590
620 0
808 138
457 124
956 2
649 638
430 169
876 297
36 32
923 504
671 654
709 455
813 572
348 97
300 252
906 116
733 114
662 54
573 489
975 437
957 423
876 606
333 213
660 313
262 211
928 795
600 552
699 172
963 243
212 98
158 19
766 196
717 256
594 461
452 411
809 419
993 681
872 326
622 374
346 53
965 823
901 363
449 292
485 430
858 136
752 699
578 283
940 406
835 376
893 402
270 165
620 89
646 320
575 122
958 118
892 555
906 405
925 407
764 417
947 707
969 799
995 207
799 469
853 245
753 1
551 338
260 185
635 37
487 105
344 74
236 40
939 517
999 909
821 617
625 344
917 874
855 226
259 112
577 29
245 135
601 407
904 376
877 450
883 829
871 424
956 951
424 192
743 281
975 180
842 58
678 396
705 482
687 182
581 351
835 573
809 348
684 600
405 393
957 716
466 105
429 115
668 391
844 834
686 101
836 818
983 573
791 662
779 402
784 300
661 45
988 4
770 371
129 121
955 181
337 254
417 294
446 137
718 212
741 349
854 532
765 71
381 350
777 230
910 289
869 249
997 52
689 323
512 452
661 237
906 196
446 149
777 9
772 557
973 156
242 102
650 193
803 204
779 285
752 586
915 223
828 364
702 309
830 462
959 174
891 236
968 627
735 311
958 18
834 4
962 113
938 714
322 208
470 344
848 189
611 330
905 247
75 57
851 216
407 222
445 391
729 4
264 30
565 438
878 679
936 362
735 122
293 211
478 209
540 116
576 311
728 204
969 742
472 394
610 240
810 478
577 505
997 135
876 83
876 637
439 335
562 510
742 298
268 117
396 2
787 691
992 943
991 563
705 462
582 20
362 251
680 28
666 467
935 371
867 590
846 715
980 311
514 159
573 416
810 786
443 199
281 224
567 134
862 582
811 720
263 97
746 39
909 559
452 174
200 95
842 530
129 69
370 275
813 147
870 460
673 512
910 855
840 15
493 471
613 294
560 190
502 102
963 203
637 416
698 36
937 804
811 783
205 52
650 387
447 75
380 62
755 218
671 4
932 683
124 59
967 529
569 418
971 466
826 307
683 486
756 560
649 346
820 372
262 141
782 478
507 18
659 145
644 475
294 212
995 297
876 730
796 270
907 623
503 198
679 195
748 188
973 482
924 234
998 831
838 544
714 530
731 656
863 503
942 514
598 96
928 92
434 301
770 691
169 40
572 506
867 174
740 672
529 457
639 434
738 65
316 47
502 326
793 541
543 421
889 68
562 482
302 89
896 786
969 508
509 427
255 155
516 503
653 289
666 388
813 307
745 645
582 112
770 102
967 371
352 89
859 522
487 325
55 1
992 169
901 801
849 624
831 672
689 207
694 376
417 396
968 238
149 61
956 419
750 579
72 38
860 7
864 194
537 92
832 608
942 343
301 90
536 356
699 240
917 169
901 596
594 486
814 547
485 318
864 800
790 358
998 415
765 480
983 41
622 347
242 95
884 466
617 185
265 236
863 676
992 392
739 618
748 740
180 72
369 49
811 422
227 175
725 692
295 45
817 149
602 33
502 404
714 679
520 372
298 142
853 208
790 739
937 365
857 6
715 160
551 318
844 260
892 833
597 76
786 397
145 19
827 731
259 23
957 84
541 405
657 120
993 288
970 116
943 150
982 632
676 307
839 801
326 252
808 139
749 547
865 366
957 310
690 83
632 532
130 58
774 755
207 56
942 69
738 310
524 93
687 499
818 382
837 34
992 609
859 534
438 151
940 207
372 159
927 49
875 768
797 55
794 358
527 338
738 651
465 117
690 614
765 162
548 408
974 966
185 150
833 770
779 164
637 104
962 167
426 251
318 293
873 146
765 388
512 104
416 317
949 205
418 391
773 62
336 4
669 222
962 328
891 338
393 287
412 169
323 286
473 429
825 64
294 141
612 408
777 165
271 151
368 260
241 10
702 233
808 698
284 2
752 410
623 361
806 187
610 536
598 57
321 3
45 8
985 36
89 31
770 712
682 12
526 181
696 160
532 526
316 241
250 125
711 24
804 654
679 638
701 2
559 164
246 225
178 65
397 161
364 276
478 276
540 311
852 1
767 406
272 21
127 55
255 194
735 692
290 138
886 288
598 596
505 267
831 530
272 164
386 180
779 695
914 434
580 274
510 103
923 628
301 184
840 310
894 201
684 383
525 361
899 839
286 167
628 44
783 53
334 179
266 179
286 54
125 118
989 493
846 14
958 580
615 375
489 347
716 526
771 727
846 185
594 430
650 492
707 213
229 153
712 189
824 471
722 266
617 224
926 128
807 135
816 730
891 382
375 129
915 222
939 164
905 20
669 83
851 816
820 161
839 134
274 61
368 288
555 84
812 573
941 863
928 194
934 488
937 276
721 509
960 595
455 289
706 75
972 266
861 210
813 778
971 827
269 216
795 140
383 206
921 729
758 398
709 602
628 146
501 99
878 535
862 120
994 16
776 323
849 155
122 104
895 240
491 246
700 482
918 297
996 438
387 307
793 195
999 150
682 301
306 129
698 655
550 356
790 215
991 562
874 460
268 197
511 473
965 36
894 154
879 546
992 142
508 16
931 10
597 553
604 283
732 192
839 668
315 256
599 528
837 395
533 130
745 0
737 303
745 228
936 561
548 321
902 456
704 591
262 43
724 642
176 168
929 366
488 234
567 468
181 137
518 248
668 653
834 677
390 143
907 307
780 515
803 738
661 256
332 186
719 574
722 494
579 395
686 685
930 227
90 68
989 772
593 91
612 449
980 931
712 439
717 186
636 78
543 514
910 259
661 595
874 417
295 35
806 639
780 656
787 165
919 416
359 43
818 565
856 320
472 73
550 196
387 224
905 355
236 113
700 672
316 185
706 369
250 181
64 49
933 439
829 230
776 462
559 461
677 249
619 222
897 590
477 140
481 201
559 434
795 644
881 271
897 767
315 78
784 87
487 324
453 308
956 145
708 318
982 234
509 125
940 924
937 592
429 348
877 768
570 298
771 625
633 394
689 424
673 547
855 531
158 68
641 190
935 308
846 241
301 127
446 195
394 358
218 98
533 489
423 241
228 31
929 84
254 74
971 497
897 502
629 240
593 71
170 144
623 310
854 430
322 119
964 570
825 235
479 3
740 1
592 42
123 1
294 64
995 213
355 114
193 115
765 547
967 171
473 227
626 491
828 662
203 6
350 187
621 470
886 793
902 530
448 431
526 222
449 154
527 131
655 510
568 464
326 320
165 78
592 310
415 189
354 25
317 131
915 435
790 450
773 656
776 140
151 28
634 192
601 441
841 490
469 425
472 323
511 34
719 457
955 946
525 128
828 248
329 175
572 253
704 45
406 37
814 166
980 138
528 379
814 781
842 151
666 409
979 82
395 133
715 636
510 72
978 486
745 497
304 249
490 156
419 152
628 346
573 487
999 269
991 577
451 267
994 512
839 165
314 17
557 51
832 734
432 236
606 512
475 14
771 621
357 46
910 563
324 313
533 43
972 637
111 19
572 519
205 106
889 765
963 130
394 139
932 911
261 185
543 279
512 105
860 441
879 143
114 55
905 381
854 347
890 165
952 463
133 0
914 152
952 795
935 143
740 37
968 113
345 27
222 93
973 425
887 39
854 148
934 92
529 374
857 97
568 492
877 324
226 112
729 95
531 337
678 160
592 417
776 168
411 351
882 602
306 11
258 166
799 517
856 197
857 684
896 812
850 479
631 614
444 268
802 666
605 327
382 192
609 140
809 322
940 748
443 76
766 76
681 664
867 677
546 518
818 355
762 33
328 235
475 332
77 28
665 172
738 586
229 134
686 218
716 579
746 368
384 188
556 322
637 297
840 21
659 411
720 571
777 516
561 173
870 433
698 14
662 429
665 383
812 506
876 182
656 534
569 283
987 100
660 70
932 931
746 528
721 48
63 1
765 423
659 262
933 747
570 183
646 0
821 392
379 69
967 956
769 715
954 697
833 440
817 711
527 436
910 292
712 491
990 758
440 174
946 584
764 455
824 20
588 21
735 326
954 655
643 585
644 150
919 268
597 146
814 169
925 667
469 271
350 2
870 725
959 620
531 365
932 857
421 381
972 926
841 418
472 315
329 150
497 122
117 95
634 107
463 71
909 105
685 386
923 284
140 57
272 129
935 894
457 139
946 563
816 462
463 357
894 155
396 354
823 133
831 654
989 942
918 124
634 559
599 531
513 332
769 250
219 175
985 256
206 91
546 268
450 409
162 5
347 3
864 151
976 945
704 576
690 559
695 258
399 321
441 59
885 688
299 53
447 117
877 512
949 147
983 918
698 405
807 213
403 243
721 28
208 105
891 428
216 55
649 344
365 78
661 481
366 345
960 914
839 362
967 817
952 118
592 45
631 196
759 435
725 271
962 83
677 492
824 48
878 359
264 231
364 40
506 169
344 4
98 15
796 204
544 157
553 449
259 74
316 41
871 281
908 869
601 461
505 480
363 14
805 251
643 208
511 158
386 91
839 646
596 208
646 435
231 15
292 145
311 151
576 12
748 20
248 173
528 431
456 410
701 668
500 67
762 410
999 411
845 625
629 170
595 118
867 765
906 759
923 575
837 477
949 563
186 65
519 257
975 323
176 116
949 932
537 34
519 406
727 339
968 98
732 459
589 334
938 885
797 641
138 14
394 148
951 249
313 28
965 263
686 607
997 832
945 743
584 417
323 151
949 247
897 324
863 529
648 606
521 464
295 37
815 722
601 213
764 186
488 485
533 345
699 577
855 834
927 689
695 693
702 243
393 263
331 127
899 866
545 133
963 626
469 229
696 23
436 274
635 26
999 533
454 138
934 128
402 369
611 21
977 739
467 365
250 103
924 471
916 890
296 131
587 253
454 436
301 287
529 68
491 177
952 573
899 86
884 696
645 614
649 611
889 102
562 388
429 251
502 467
873 203
936 209
830 653
755 35
507 352
819 700
987 558
975 1
443 144
259 80
762 446
871 112
770 507
737 116
349 326
947 184
429 302
675 426
571 13
737 229
986 734
633 308
372 264
708 418
929 459
918 909
461 110
24 22
557 212
869 194
765 17
452 390
309 59
807 268
992 564
760 655
754 687
817 504
802 396
631 505
647 372
885 793
817 585
603 88
819 498
720 156
939 186
812 708
336 149
869 309
66 34
503 27
910 329
304 125
750 8
588 355
440 147
921 419
977 924
651 607
951 753
565 189
307 165
824 121
977 557
887 38
193 94
587 298
435 9
626 268
848 798
888 795
355 254
606 357
862 243
613 611
709 612
821 630
607 69
330 51
701 0
867 232
635 260
505 47
959 75
905 557
326 222
329 74
470 107
594 582
921 398
409 162
980 175
853 679
568 553
738 361
921 319
975 116
248 229
822 571
662 102
871 115
779 262
463 305
504 446
965 223
788 568
914 783
721 619
879 750
880 696
906 798
779 484
263 143
820 760
486 476
533 221
536 303
905 305
889 648
909 746
876 867
932 605
185 176
81 7
964 206
770 84
533 447
935 912
739 710
522 160
579 401
980 944
967 558
649 291
557 474
426 108
851 837
855 149
916 271
920 842
740 75
711 442
983 305
416 57
753 192
938 82
955 848
836 445
119 15
801 330
260 105
877 95
949 370
792 563
649 110
763 24
800 14
907 802
971 195
655 384
749 37
491 317
199 4
492 18
717 583
810 187
344 41
786 64
112 5
995 970
904 501
407 72
924 470
925 523
611 362
454 109
383 89
593 326
823 273
156 103
809 2
544 225
752 68
936 395
754 686
918 303
956 86
748 400
537 521
865 148
993 479
690 25
563 516
935 889
666 478
997 512
335 169
887 876
672 611
361 294
876 158
714 482
898 253
867 704
687 437
528 98
548 109
785 597
254 138
680 317
756 200
844 465
371 106
637 347
853 782
471 159
842 529
522 386
870 451
708 506
980 647
528 215
774 261
703 673
650 319
604 170
798 179
437 61
101 96
806 517
642 570
684 161
647 303
902 5
893 373
588 453
932 855
975 851
375 103
919 732
995 298
707 382
851 166
599 180
416 69
274 31
458 448
479 106
796 440
816 550
270 19
551 390
644 228
645 77
597 196
915 331
717 619
792 702
763 149
250 64
838 705
910 210
880 471
682 341
795 158
691 33
784 653
363 112
734 385
383 125
330 75
776 353
724 415
373 55
410 35
675 629
947 248
987 807
787 611
891 869
211 181
654 497
268 20
732 529
951 764
329 2
672 491
723 206
825 818
836 599
876 336
875 308
934 688
600 306
766 355
689 328
811 672
439 227
542 528
581 54
926 15
233 216
880 625
975 572
666 212
614 134
837 365
537 33
811 590
983 196
608 376
537 210
665 389
977 491
814 550
788 69
829 815
556 41
884 430
484 28
157 146
985 529
722 272
289 26
654 350
938 377
774 3
522 120
851 652
449 348
826 466
590 363
764 42
603 236
769 562
523 495
52 13
750 220
750 450
721 426
950 256
645 161
445 91
716 250
455 358
407 3
598 242
925 578
175 39
469 454
625 176
771 356
875 82
772 203
297 237
444 4
691 61
841 488
954 771
679 548
671 596
526 361
654 290
857 854
767 511
606 59
862 449
439 432
488 309
908 153
710 21
678 503
847 420
752 597
391 322
785 499
804 41
456 439
965 898
828 439
210 122
852 317
525 497
927 429
832 142
187 150
794 498
793 15
233 180
881 293
381 84
571 12
935 615
243 111
656 270
529 528
309 280
977 326
323 84
768 349
771 764
367 135
543 384
366 256
894 364
695 325
882 332
833 688
798 86
214 137
416 304
570 145
851 680
889 835
285 210
483 201
356 345
412 219
342 156
694 673
473 35
888 443
459 80
687 565
599 380
369 154
939 347
833 252
823 240
566 542
825 400
425 98
388 370
745 441
674 631
776 219
616 410
672 412
855 677
434 67
880 31
827 760
592 419
990 670
963 542
648 356
922 847
856 199
947 304
862 445
349 22
977 847
582 44
490 476
511 294
442 283
975 119
244 227
663 282
614 364
462 201
816 220
762 467
102 80
429 384
969 897
714 350
456 34
665 178
300 115
304 118
968 775
758 606
700 535
872 633
580 330
998 233
546 486
984 871
713 367
698 157
793 135
778 213
176 16
747 568
585 293
875 834
942 588
484 69
458 163
713 585
783 228
774 56
375 237
824 329
955 629
760 539
890 726
670 136
991 442
555 56
313 309
816 684
670 283
694 653
860 701
555 73
955 183
599 256
765 458
913 407
682 92
422 211
674 552
640 632
592 353
630 297
407 218
411 31
503 397
737 533
865 600
353 300
375 105
725 60
992 581
739 496
729 298
639 363
732 671
714 190
752 69
715 331
202 106
311 284
901 119
849 136
942 422
453 59
890 678
975 218
306 271
985 454
934 661
810 655
818 815
994 22
177 58
932 446
936 473
831 648
651 286
796 733
415 145
954 197
741 667
874 124
432 39
261 229
471 15
661 43
520 189
929 355
712 77
508 240
91 24
495 490
775 228
427 122
580 76
618 283
416 265
508 103
716 700
882 148
242 55
777 768
741 95
778 43
906 228
232 97
768 205
882 231
848 411
939 116
261 0
872 17
743 262
470 414
626 224
773 229
497 476
872 160
655 193
968 659
271 200
113 12
518 315
631 198
986 447
967 192
203 31
421 172
998 624
752 308
914 95
293 98
991 95
540 37
672 85
122 20
179 71
938 760
784 654
697 631
681 26
979 349
908 871
433 321
509 423
952 695
942 45
653 134
935 796
998 675
624 393
791 393
956 323
599 576
896 419
770 388
828 754
874 80
72 42
695 66
788 352
280 55
814 692
428 151
546 302
803 421
343 100
897 184
367 98
817 321
671 378
761 155
695 352
844 250
684 247
426 259
765 508
713 513
897 346
849 65
998 610
271 14
608 424
341 181
703 11
996 7
392 237
748 736
342 113
569 51
753 318
864 753
830 394
869 352
857 360
839 328
978 115
734 550
948 82
612 198
647 577
448 307
156 124
963 628
424 316
866 586
673 319
892 421
530 224
677 287
921 741
539 338
226 107
834 362
670 668
710 473
611 100
118 84
801 716
895 804
472 326
550 449
992 525
865 497
439 258
922 872
117 100
463 136
926 784
781 19
643 206
610 39
595 329
463 57
856 155
553 221
629 106
672 573
802 740
654 637
932 103
873 292
467 461
582 227
729 685
197 143
492 51
681 562
224 35
651 294
727 531
694 344
381 83
182 108
684 294
606 440
779 506
513 138
736 61
827 470
977 325
633 427
797 754
945 807
784 483
953 300
370 166
557 210
885 709
842 562
161 129
215 50
822 222
683 260
404 355
447 143
589 82
720 271
938 859
392 314
693 212
90 59
399 89
720 158
685 592
889 629
786 442
590 503
907 114
901 8
795 541
946 675
322 201
679 135
520 276
646 468
156 64
920 226
865 706
648 184
796 16
670 617
620 300
662 585
772 25
611 51
297 191
652 631
601 105
625 339
441 228
809 20
807 513
832 339
905 521
943 193
784 726
952 620
801 543
938 579
939 806
934 824
410 24
726 546
948 536
970 112
865 142
903 612
429 221
895 62
654 166
845 725
735 705
774 723
814 48
376 28
853 534
305 32
942 212
768 567
765 38
681 558
993 780
991 777
979 849
638 246
289 67
589 562
382 304
685 95
813 170
882 399
510 468
846 18
498 388
741 344
524 306
963 210
785 82
876 861
897 224
720 461
831 299
295 109
615 448
988 726
627 14
523 251
622 279
611 253
953 42
521 494
902 157
963 897
935 15
899 681
523 473
764 83
506 335
930 445
762 636
998 788
820 92
911 903
327 60
910 543
166 122
829 282
612 158
655 386
895 521
307 48
983 417
551 365
701 320
619 571
984 204
928 617
179 106
752 152
435 148
792 154
965 748
568 378
967 402
666 651
245 102
776 425
491 234
511 231
884 579
353 13
942 423
818 81
467 5
906 334
571 395
775 637
943 827
328 300
571 504
735 549
244 192
466 70
962 806
339 230
885 233
547 192
324 207
896 472
92 35
901 857
685 50
337 332
853 780
267 153
840 165
848 49
495 23
372 322
998 138
968 73
732 482
879 381
609 361
992 351
367 73
993 522
613 289
745 121
943 350
552 535
989 638
848 382
618 280
775 741
863 574
954 774
846 776
668 568
670 90
485 400
787 346
788 129
238 56
994 938
422 387
953 684
342 106
631 47
946 664
393 232
804 782
809 656
459 27
939 277
947 830
659 114
554 100
402 249
796 41
946 506
849 318
469 191
817 557
142 109
999 579
875 433
801 438
506 180
970 327
957 75
482 173
762 136
601 417
784 655
930 901
821 787
936 474
993 287
891 25
121 68
619 380
329 183
936 105
956 574
828 62
244 181
687 373
818 196
552 40
715 596
681 324
990 478
653 278
654 529
489 219
989 158
756 191
573 479
704 274
230 34
968 391
823 27
936 933
556 374
867 847
906 837
447 295
893 327
803 471
591 156
557 92
950 178
851 451
584 198
837 764
849 166
889 713
196 106
561 234
920 321
739 691
778 125
678 530
313 146
104 9
623 114
494 322
868 75
523 400
877 771
886 143
881 448
838 713
459 182
901 19
649 458
523 481
545 41
564 243
293 33
985 418
894 463
551 471
593 357
740 412
948 193
402 221
888 770
743 700
924 122
916 863
269 139
825 491
368 74
919 305
832 473
479 366
961 251
341 265
696 376
98 46
575 512
979 395
706 337
212 26
748 52
363 94
814 524
829 149
649 535
409 346
616 606
926 785
781 18
654 288
718 663
858 388
353 53
761 176
482 176
766 675
999 366
642 491
828 450
798 218
562 18
899 306
748 361
676 30
924 706
600 272
300 292
864 389
732 330
921 66
940 810
907 179
926 749
486 164
513 280
842 452
423 333
447 347
803 499
756 433
849 369
584 226
627 132
536 458
881 870
959 333
319 226
508 57
536 500
370 54
498 67
560 458
997 107
157 116
765 415
972 863
848 469
104 101
584 303
416 161
719 412
143 54
788 185
864 559
336 136
688 509
542 488
247 98
583 516
677 591
364 323
863 276
789 593
846 610
857 696
979 537
530 291
677 464
948 44
990 681
369 161
422 181
740 432
925 258
714 599
240 210
648 185
763 238
529 362
910 25
640 525
681 183
666 517
764 202
709 609
637 180
454 371
979 423
834 510
374 303
875 278
700 475
539 95
652 342
996 902
781 54
808 108
516 293
439 406
463 28
429 220
837 239
359 159
362 129
415 409
420 405
339 147
206 161
244 28
638 573
709 54
837 1
840 315
689 10
881 866
510 330
337 240
390 122
873 454
983 793
961 539
683 110
510 469
632 155
650 262
997 941
980 733
896 138
971 718
972 669
366 244
955 425
641 250
682 518
773 493
829 498
964 344
659 266
623 69
423 181
947 519
985 760
877 826
768 146
308 75
881 319
920 845
427 335
990 212
907 633
711 439
214 117
588 130
806 329
920 764
904 193
985 410
894 842
961 692
824 109
759 88
796 454
501 376
879 615
670 571
375 339
801 312
877 237
532 440
795 774
783 361
844 329
666 537
326 31
222 220
501 11
601 501
965 892
957 405
999 692
990 193
349 199
921 510
502 495
766 616
879 843
847 489
830 761
505 298
977 284
609 172
535 156
792 533
776 565
548 25
680 502
537 296
957 603
937 323
824 483
965 176
414 334
126 116
537 473
404 224
634 555
429 371
875 719
987 265
665 61
974 49
614 104
686 357
263 236
370 156
30 24
984 226
988 312
937 814
959 389
300 262
656 630
877 764
915 803
698 401
958 839
650 28
723 664
890 42
289 236
872 139
826 317
845 495
994 939
901 429
819 816
617 336
194 35
584 359
512 196
967 924
437 333
703 102
616 24
375 17
293 270
961 508
943 324
986 857
877 351
556 539
832 267
819 208
553 299
592 583
807 746
829 430
479 373
743 607
602 280
606 288
94 84
880 482
269 72
472 364
330 118
900 318
975 460
980 12
374 279
710 157
386 87
207 189
856 102
509 421
291 206
681 314
610 496
993 504
581 273
585 214
573 365
685 371
867 656
49 17
983 626
676 74
770 19
439 252
966 342
466 186
585 48
642 217
718 372
811 562
966 782
885 461
499 62
943 685
608 110
182 49
148 129
978 176
797 748
610 70
313 62
992 380
976 913
390 221
873 47
926 35
622 498
971 662
848 347
919 595
997 118
356 66
746 438
858 268
824 404
533 500
731 423
750 385
950 711
675 542
845 403
792 289
298 86
869 360
523 403
251 90
942 418
684 167
881 455
455 172
826 576
699 690
651 567
599 341
322 227
416 100
588 202
445 231
876 226
550 138
758 297
479 472
616 274
848 472
860 401
730 262
592 299
520 88
872 474
587 96
679 592
666 593
577 10
601 444
825 33
606 175
899 205
645 465
516 504
712 355
620 127
178 38
127 25
595 331
387 270
799 445
231 47
490 487
509 329
771 148
562 19
339 246
700 42
197 58
605 239
180 102
918 52
855 831
143 18
822 656
914 807
591 93
900 854
443 261
301 223
709 226
877 781
253 166
823 126
864 117
840 146
760 70
870 63
907 3
934 767
613 279
485 100
452 371
751 377
777 636
765 45
841 613
555 307
495 300
962 467
546 18
621 558
893 329
473 262
913 650
756 711
795 753
336 250
608 438
898 774
773 170
904 343
742 260
946 718
854 463
431 362
983 297
774 597
868 255
355 4
483 91
532 310
716 59
735 361
701 457
369 160
602 446
749 61
606 478
913 576
853 821
847 236
778 549
899 779
972 371
868 428
728 247
835 701
94 44
705 217
901 153
982 559
850 157
821 739
491 0
574 485
851 140
781 53
865 140
776 395
690 113
487 421
842 180
777 430
595 468
547 345
654 607
658 610
310 273
809 470
465 280
908 414
595 50
431 117
851 342
964 260
822 496
811 634
414 13
941 805
932 714
826 85
438 407
690 516
802 202
710 579
474 427
989 536
426 310
134 15
483 443
618 290
713 590
822 184
881 732
849 126
834 714
780 740
513 132
608 483
994 900
925 623
726 311
308 84
735 431
920 846
707 390
854 491
824 170
846 639
631 255
887 145
834 31
977 439
587 381
768 433
829 280
761 578
777 421
783 251
677 324
517 427
977 670
502 83
857 64
877 381
808 412
607 20
994 443
353 289
740 651
340 25
568 380
866 97
938 658
870 601
825 779
430 14
899 150
121 31
709 552
867 486
923 264
140 54
876 360
884 867
576 84
444 412
466 68
339 174
729 634
595 97
994 37
581 94
653 321
896 474
898 360
883 346
846 338
774 479
898 543
428 31
965 320
713 191
417 362
533 140
441 348
595 191
524 321
543 39
910 862
710 540
901 633
461 50
724 648
613 176
750 379
347 292
940 311
265 249
671 417
379 247
935 108
939 105
298 115
941 923
857 480
990 202
722 522
464 294
891 129
378 308
506 353
997 185
773 115
445 194
946 617
929 797
694 543
734 728
592 177
645 73
544 436
530 251
715 189
900 25
830 374
754 492
829 30
957 73
481 368
782 702
799 698
178 176
658 230
679 572
921 552
847 497
832 157
623 126
873 785
960 865
896 890
490 369
278 110
282 101
505 340
899 398
760 478
988 332
908 64
757 511
885 170
813 445
818 341
432 408
768 578
126 6
828 485
475 282
961 655
619 85
780 153
656 407
31 17
343 259
654 628
922 326
745 313
428 3
582 420
965 292
713 347
938 184
737 333
816 92
907 119
885 223
837 762
915 30
452 280
917 178
976 914
831 284
959 299
872 707
195 54
512 276
347 147
954 937
594 368
319 89
964 258
656 595
786 542
581 519
927 559
507 70
436 74
829 525
557 542
560 270
483 209
854 17
960 554
180 87
845 355
204 109
521 181
777 3
839 729
407 313
803 437
948 195
551 422
809 771
350 189
482 109
892 416
880 408
578 243
544 79
626 429
454 30
771 360
578 47
666 606
577 9
465 339
634 202
799 670
657 113
810 36
255 70
737 707
793 593
761 197
976 324
448 242
818 468
775 566
705 286
616 235
852 91
853 654
942 733
840 547
468 364
992 878
476 183
558 173
814 27
562 16
779 392
419 49
832 822
689 147
637 573
770 500
907 243
878 440
614 215
372 230
926 723
619 367
837 444
604 473
987 451
860 115
348 159
884 121
498 268
885 416
813 67
745 277
926 354
841 778
769 37
720 597
718 192
746 137
693 398
286 108
968 131
794 326
626 611
936 673
367 131
594 453
524 408
964 215
744 377
712 279
623 35
589 79
830 331
426 117
782 494
986 77
768 136
626 212
474 153
677 293
904 344
703 40
996 38
805 46
998 668
506 310
693 66
345 236
950 595
646 312
482 303
891 73
421 144
189 148
835 414
794 745
862 196
983 208
425 102
815 305
374 3
340 151
682 390
994 404
961 197
669 652
108 106
296 100
630 227
544 218
529 394
828 130
690 159
946 117
733 283
127 60
572 159
934 530
653 122
267 259
340 331
614 401
790 44
663 278
206 167
443 179
372 75
851 617
605 99
879 644
789 364
257 11
666 153
25 23
524 207
998 18
836 216
414 114
966 591
954 15
831 455
872 4
690 517
508 232
314 273
940 189
959 424
854 671
508 95
682 516
741 39
964 578
907 669
114 85
707 504
692 332
806 508
523 474
726 167
520 383
171 107
288 120
930 555
928 430
925 740
377 152
696 212
700 548
885 784
387 141
546 21
598 207
364 81
458 26
961 161
141 23
914 281
553 253
293 172
630 207
862 369
64 44
467 153
787 586
420 33
386 113
706 518
528 298
800 463
529 7
382 151
614 546
814 224
562 73
211 13
853 582
505 296
439 101
921 286
499 262
999 109
909 837
396 280
578 287
813 489
816 339
687 432
525 309
768 534
805 517
628 408
920 465
666 253
371 113
832 749
618 210
159 152
785 729
556 284
996 555
524 77
673 536
489 51
896 249
751 323
333 102
560 182
656 44
128 2
366 150
441 61
902 82
650 395
915 805
988 693
938 398
646 87
777 772
800 611
104 16
871 712
285 229
859 128
868 105
242 130
649 322
977 829
583 569
674 247
668 473
611 586
342 216
750 197
592 35
630 623
351 26
407 276
113 58
856 728
950 906
844 393
829 315
497 306
977 616
635 116
934 459
387 233
61 2
833 41
863 435
505 136
583 125
565 402
715 13
934 233
863 157
645 362
795 149
953 527
751 708
625 280
810 442
888 566
687 16
917 428
819 392
421 183
986 667
326 136
919 408
904 650
702 24
268 17
931 851
804 419
286 176
332 61
966 459
576 557
932 79
845 666
684 536
463 327
391 234
858 807
571 374
664 532
828 287
704 277
443 251
961 101
537 406
638 162
660 448
758 587
979 778
871 808
286 230
513 162
695 94
385 215
741 268
745 201
836 16
355 249
471 47
720 505
673 598
774 218
243 180
959 298
727 415
798 236
676 520
977 127
967 604
660 4
717 117
205 161
996 188
485 433
864 518
575 248
560 271
909 667
341 210
821 88
826 590
523 482
925 394
565 163
792 449
260 63
703 277
374 181
873 762
322 272
530 333
199 58
825 383
757 636
913 236
493 443
648 111
506 215
397 36
810 277
458 82
370 134
491 390
943 41
771 504
3 2
957 477
581 465
876 147
889 738
996 984
500 143
981 332
514 317
774 747
339 248
767 216
988 283
352 125
804 165
665 217
685 230
372 231
998 119
538 443
591 204
972 571
758 22
806 789
310 196
615 331
349 237
698 117
484 174
916 19
702 548
982 622
669 293
910 561
124 4
836 641
705 625
722 433
851 687
673 147
379 190
380 237
646 174
170 127
564 291
990 541
973 465
631 277
950 311
655 5
904 575
960 72
539 532
959 915
728 475
781 623
884 661
626 262
735 248
759 230
936 354
820 410
677 319
990 974
826 298
946 272
550 406
771 327
863 403
923 0
743 387
834 509
748 27
487 193
771 468
993 324
939 794
781 51
714 22
509 506
278 23
836 517
358 193
988 328
805 782
935 851
561 282
979 119
525 447
874 355
823 190
791 348
633 248
272 132
253 215
791 461
979 104
638 250
620 545
860 80
920 357
247 126
704 460
451 125
310 160
849 338
941 258
111 60
239 107
850 298
712 165
986 268
755 201
545 283
688 427
640 49
440 87
838 787
450 112
488 291
892 203
627 304
298 44
431 264
824 172
934 401
459 115
976 423
742 690
730 218
881 30
627 590
702 28
425 48
961 483
961 390
598 93
670 574
213 49
568 32
71 55
887 433
445 414
976 567
821 126
783 362
696 324
904 792
88 52
955 64
472 403
572 350
458 106
611 160
353 144
151 93
991 774
924 323
696 418
936 859
888 650
466 288
549 203
933 364
457 35
610 491
353 114
779 634
173 167
429 61
933 383
831 536
534 224
883 574
993 66
462 85
489 227
966 383
328 191
201 183
993 179
810 795
206 128
895 567
248 118
548 107
931 101
846 336
894 124
695 117
932 665
609 508
756 69
613 476
461 95
832 541
724 539
263 233
546 263
286 26
604 49
898 392
849 190
75 42
465 181
195 92
323 19
622 469
950 476
845 138
369 337
828 606
950 335
533 477
815 711
711 630
802 462
90 76
950 766
782 423
712 447
554 334
204 75
646 374
649 466
621 278
754 185
229 22
947 770
307 227
933 891
95 0
668 248
374 217
781 439
937 36
655 482
958 941
901 635
735 48
297 106
795 231
924 385
999 639
856 503
430 334
363 217
400 365
411 367
801 571
550 478
202 56
539 107
979 352
514 423
911 603
511 135
630 91
844 688
796 214
552 157
571 427
787 726
292 152
629 401
850 414
499 372
970 775
506 266
832 812
724 234
974 676
642 37
791 388
978 397
571 230
385 165
576 336
172 107
770 706
970 74
861 369
385 214
774 219
871 521
751 215
755 16
722 315
265 138
693 330
768 63
588 400
309 81
854 311
323 301
308 159
426 46
392 146
522 66
380 313
878 40
626 1
899 741
864 758
227 214
869 363
318 227
899 84
673 464
682 142
64 47
692 91
815 636
654 485
916 547
595 559
478 116
887 456
982 292
715 91
950 774
959 604
818 672
530 108
805 422
679 589
458 83
529 428
738 122
705 355
373 21
302 19
50 24
509 469
258 77
667 171
814 174
712 528
430 183
204 21
865 214
477 232
405 379
779 642
432 311
69 46
291 124
954 420
662 93
476 32
849 570
225 224
689 145
852 315
837 41
988 139
534 27
756 159
991 784
780 191
361 113
785 535
257 94
862 283
779 497
319 264
690 652
137 127
54 47
926 531
784 472
111 27
868 786
522 292
778 138
854 625
343 244
593 249
560 462
688 147
617 243
450 250
983 452
640 86
471 272
533 277
648 609
977 235
389 13
542 93
893 311
716 336
973 383
242 203
66 61
449 419
857 478
379 46
455 141
388 90
344 310
994 652
683 199
422 169
425 219
991 962
778 593
247 156
599 491
307 219
753 63
520 488
919 480
479 313
562 543
526 130
639 543
985 92
913 207
862 250
926 647
952 496
800 199
986 574
330 58
994 5
889 297
636 562
178 118
841 398
454 395
278 165
463 107
987 869
990 864
315 160
863 498
789 392
981 952
796 576
376 33
534 180
183 30
738 467
850 249
784 294
796 759
843 745
850 136
297 56
196 42
803 2
751 440
475 245
974 217
78 18
206 71
434 294
675 220
769 7
560 140
618 414
690 515
710 582
162 104
632 270
779 251
637 3
289 107
719 557
427 165
546 53
877 677
289 196
879 171
994 899
904 487
542 441
982 160
640 417
90 24
532 247
238 144
612 421
978 772
752 544
899 649
483 120
545 213
506 443
890 293
640 638
520 388
727 547
652 641
506 209
505 242
801 429
730 509
973 679
875 345
435 264
844 724
94 15
923 617
819 503
840 108
856 58
657 63
899 6
773 609
481 75
698 660
680 119
735 659
430 239
510 57
420 257
921 284
685 267
814 81
301 2
291 52
864 466
367 257
723 25
652 43
490 220
384 225
955 122
742 422
489 28
417 367
915 728
239 168
791 381
613 475
957 825
906 829
945 785
855 370
713 627
347 27
152 27
172 166
413 140
508 14
940 369
773 444
850 801
906 31
376 300
720 317
884 448
907 376
398 258
929 128
590 278
920 830
80 43
579 3
742 637
800 724
285 148
603 153
270 248
973 263
523 504
816 590
753 229
611 259
852 543
247 215
873 540
600 529
350 196
830 242
569 482
193 31
946 503
625 60
616 329
799 790
511 333
273 240
856 103
838 831
866 0
64 10
998 352
678 371
913 802
787 399
444 349
907 187
943 885
909 133
676 144
902 875
571 426
852 433
783 781
220 171
611 522
588 303
444 419
315 8
983 526
328 220
684 681
430 212
938 684
733 148
257 113
952 433
495 193
996 634
979 780
429 339
486 268
988 966
775 32
383 290
742 221
603 313
125 53
418 151
385 326
902 429
101 60
986 338
966 804
403 166
974 307
759 555
888 82
855 116
927 923
216 124
717 115
955 818
636 389
958 226
518 511
646 192
722 602
336 161
324 156
817 694
748 734
160 159
664 287
688 421
765 585
146 49
521 11
99 19
905 164
856 694
696 31
146 64
790 761
761 639
407 171
355 202
763 217
375 279
435 162
878 762
865 861
578 206
317 154
890 204
621 172
783 429
625 169
516 191
719 464
188 24
904 729
625 395
255 208
258 74
776 403
886 466
912 474
712 529
529 205
804 449
329 39
535 83
934 58
334 272
745 623
748 358
895 401
755 514
617 549
414 379
396 290
953 747
385 23
951 108
576 270
685 228
524 38
837 441
766 17
445 71
811 534
774 410
944 433
910 874
253 19
953 453
954 118
295 274
812 120
614 52
870 386
859 509
592 530
771 741
498 493
979 518
931 491
971 694
661 222
739 722
569 375
850 632
924 919
449 305
947 558
488 457
683 24
692 282
565 20
899 704
826 608
687 545
711 351
750 131
274 94
923 77
217 88
250 16
985 856
273 47
563 186
909 410
625 341
645 416
282 134
396 130
255 103
778 234
373 232
875 154
359 5
733 280
454 283
645 442
221 36
847 272
353 84
444 261
743 355
287 201
272 158
542 46
802 514
972 481
788 593
571 323
59 23
611 578
116 44
851 51
465 284
701 589
116 83
281 130
979 855
582 336
683 283
695 19
823 94
789 218
519 321
543 79
766 156
896 272
256 127
912 380
961 733
323 57
536 422
111 62
827 377
774 160
885 675
584 402
353 237
994 785
495 332
911 382
623 64
879 170
493 155
795 721
977 214
817 621
731 483
659 382
880 250
455 227
937 608
829 562
762 535
906 301
781 687
855 770
416 49
575 387
796 428
599 281
470 343
897 444
691 303
564 39
14 0
626 296
575 353
764 181
725 84
377 318
530 34
878 690
882 529
476 202
620 413
583 43
681 39
511 28
500 291
672 302
535 437
667 229
874 419
726 576
966 83
294 154
797 370
862 384
828 16
940 570
860 717
712 553
187 9
561 260
190 91
811 700
757 61
922 255
997 665
896 478
970 707
779 427
546 402
381 21
382 342
742 54
827 761
579 343
838 214
513 101
841 592
613 188
791 297
941 757
319 33
952 416
404 289
958 840
940 307
579 117
962 279
836 364
366 285
308 133
437 295
313 233
797 71
770 11
270 249
806 287
664 260
920 686
691 621
976 764
199 194
938 62
926 693
691 666
861 421
750 187
790 722
592 181
260 213
578 120
946 500
854 213
857 55
735 50
403 351
938 848
888 859
578 235
853 35
340 202
506 190
805 384
554 128
866 174
406 309
245 211
505 126
749 291
696 465
420 241
149 4
549 445
705 133
374 360
620 16
509 463
550 303
553 89
349 38
645 521
278 98
671 521
529 224
490 396
842 121
933 270
130 45
406 134
988 40
457 174
595 400
813 441
745 515
585 170
548 58
888 501
686 168
907 141
324 41
384 206
918 783
757 285
244 106
836 140
619 276
768 647
785 698
915 759
896 332
721 708
594 74
868 627
766 212
347 102
704 677
731 156
881 527
918 728
812 443
940 128
464 73
191 14
871 664
960 297
772 601
114 9
242 82
840 20
873 844
357 355
769 665
238 222
800 130
825 162
720 56
976 466
365 186
701 416
777 400
751 333
670 485
708 696
643 635
551 418
934 46
814 744
364 5
406 358
681 238
972 936
957 712
397 178
476 365
687 49
639 296
491 168
596 273
386 52
790 507
433 247
641 522
605 377
880 856
878 823
641 169
22 3
903 398
302 156
827 144
311 99
794 75
244 6
990 36
949 853
879 620
744 617
595 29
723 464
390 257
909 539
234 143
638 44
766 97
987 372
915 531
385 304
557 186
940 70
797 715
195 137
603 260
343 1
882 501
862 807
676 275
950 410
518 190
793 461
423 62
546 47
289 62
231 223
661 334
976 144
940 507
809 246
379 179
569 487
678 643
271 107
312 120
792 258
665 564
427 345
640 374
769 534
721 381
578 414
852 737
726 14
599 372
565 132
473 84
578 49
943 379
505 335
517 434
791 695
934 533
984 247
565 422
400 280
936 378
558 529
729 165
838 257
397 69
643 373
353 137
899 389
819 84
141 64
997 277
442 344
758 91
887 637
410 99
767 411
733 279
992 927
476 224
477 89
760 427
957 367
600 212
802 656
433 19
676 169
534 219
144 77
785 79
997 531
248 238
638 287
791 345
45 23
980 406
367 348
573 513
637 334
747 274
768 701
508 262
290 177
419 104
827 410
738 563
888 156
618 13
637 319
894 470
419 412
704 638
971 708
399 375
910 609
508 91
518 391
498 97
427 167
232 13
584 482
488 407
582 143
792 239
722 400
685 540
972 36
393 100
801 103
318 233
536 244
792 286
425 283
902 807
542 462
449 397
503 246
530 494
895 720
911 31
937 496
912 240
445 185
318 185
213 77
730 217
750 156
826 756
960 686
778 627
377 332
929 741
568 35
911 829
682 471
866 280
246 62
672 65
175 118
951 913
654 192
933 55
758 52
984 838
814 266
905 558
514 478
951 695
553 124
559 50
192 132
926 851
598 540
212 207
359 40
923 271
672 525
414 385
767 12
872 784
991 862
983 612
515 214
757 407
482 68
859 683
932 309
475 162
424 299
757 312
760 20
462 92
135 14
582 445
860 55
864 50
233 5
953 508
523 62
742 134
215 2
418 224
369 342
464 110
926 88
802 90
289 117
660 108
773 459
974 324
345 270
971 462
717 222
975 858
321 309
947 617
627 273
646 373
764 398
952 806
749 222
731 383
917 796
368 327
166 14
223 203
728 487
706 304
782 196
985 504
769 476
810 245
630 402
460 446
717 371
565 365
105 1
611 483
658 80
786 413
491 417
682 346
575 533
924 307
874 738
946 215
882 507
801 519
690 208
781 231
940 235
880 174
790 287
574 422
649 589
984 380
952 917
552 128
826 204
738 183
978 358
795 292
559 327
805 379
468 452
663 485
928 767
942 164
784 66
897 869
898 214
665 193
277 11
944 312
600 426
489 109
825 523
182 152
348 176
721 682
794 278
558 487
286 234
841 785
805 694
845 841
703 639
543 6
911 469
965 432
968 108
948 577
807 397
940 242
893 206
824 555
788 78
938 479
323 129
871 300
938 366
741 123
601 552
485 445
877 875
933 681
590 368
575 228
759 331
835 139
782 390
566 489
941 249
773 193
541 37
669 16
941 779
507 187
694 589
551 460
184 134
795 437
956 456
616 137
764 257
602 420
251 190
786 223
680 614
753 16
792 628
961 67
387 201
759 143
999 924
934 519
654 9
896 748
658 180
770 538
844 655
952 302
875 291
734 106
222 158
772 761
709 680
752 689
127 7
380 210
918 492
724 43
581 366
582 57
862 345
442 268
653 162
948 802
898 11
996 826
358 59
713 24
699 477
737 130
847 205
816 287
869 306
384 171
871 18
462 404
690 651
927 202
125 102
695 190
632 134
408 80
138 89
295 157
958 551
81 17
623 263
708 74
855 421
380 11
807 262
815 779
427 186
968 280
181 71
831 29
697 25
968 49
910 69
375 38
745 487
968 580
954 539
848 234
705 663
961 269
920 799
946 603
895 652
401 214
701 451
739 144
612 226
649 120
653 544
321 31
365 302
807 731
757 604
977 692
602 299
623 595
558 534
406 259
999 896
548 99
621 142
880 8
678 223
908 719
758 41
481 435
870 75
999 785
996 688
936 409
282 55
430 103
913 895
292 76
595 365
886 316
338 254
581 322
837 416
576 78
480 83
906 595
559 383
945 191
658 511
819 738
917 305
644 543
224 104
106 4
642 232
880 547
857 223
495 138
990 824
794 479
832 646
814 794
817 86
72 27
988 25
665 42
465 60
727 444
986 674
709 155
417 305
915 558
219 205
152 2
426 417
816 25
883 197
834 316
987 192
989 530
827 379
629 571
578 575
929 207
768 75
807 298
773 470
519 246
899 805
964 847
446 134
765 444
968 898
309 150
739 577
208 23
760 548
360 210
996 457
720 114
683 6
982 186
694 666
237 37
644 379
612 55
668 353
541 237
890 433
274 64
772 455
757 655
216 37
503 279
968 106
786 39
365 274
873 101
758 363
740 290
913 168
587 81
700 656
520 22
481 366
621 149
47 43
838 354
420 223
689 530
687 123
501 20
672 288
569 546
877 409
753 651
982 720
994 151
923 40
207 166
528 303
438 311
932 193
791 158
775 629
374 200
860 322
746 743
177 160
895 474
572 47
629 42
996 867
888 364
979 23
586 290
959 709
908 440
895 312
656 540
806 124
953 473
974 645
72 55
695 113
900 512
519 423
632 79
561 117
585 383
414 83
346 301
988 876
959 317
941 354
836 72
845 134
901 310
276 135
668 641
709 696
873 197
985 515
712 197
731 35
309 121
774 29
946 942
474 171
717 221
494 174
242 191
705 573
868 95
560 280
427 275
915 6
637 212
706 129
245 29
967 810
881 429
213 96
431 409
860 777
75 67
972 211
883 688
425 16
374 221
531 180
825 471
991 70
922 635
193 141
875 425
587 125
678 148
870 748
729 156
732 709
469 409
454 71
330 113
903 646
634 35
799 561
914 527
857 832
936 81
666 358
922 908
795 438
500 176
504 179
840 525
382 180
553 232
828 54
576 7
391 336
528 410
976 926
220 166
535 185
684 533
426 47
906 619
512 207
859 537
776 679
120 97
963 487
504 256
859 694
956 432
741 678
372 319
266 236
709 152
125 65
879 296
370 296
784 496
718 25
902 416
937 225
742 163
138 53
836 428
987 8
533 396
627 33
856 546
449 412
394 362
986 448
493 208
792 185
375 172
959 232
765 356
416 157
831 73
638 605
844 196
241 25
646 342
992 156
726 224
768 448
787 92
403 359
726 83
908 413
623 457
810 214
728 371
914 184
717 517
810 377
670 645
804 671
880 493
799 644
691 7
966 255
568 314
677 120
329 202
992 518
844 543
701 98
773 533
944 921
616 582
448 200
909 85
639 298
676 288
878 842
738 233
500 148
687 160
524 205
861 237
553 196
582 73
842 234
456 417
845 697
663 264
776 756
686 91
745 509
871 101
804 162
864 413
993 857
950 211
999 257
983 839
684 287
954 158
290 26
385 310
742 252
855 311
564 30
111 39
744 464
655 588
380 4
508 49
773 497
538 534
760 666
777 706
512 101
967 575
937 760
648 613
261 62
972 904
906 308
928 324
892 141
512 131
516 102
773 36
832 584
740 41
777 33
597 416
544 276
472 239
610 557
905 197
815 334
365 301
972 283
530 61
846 116
682 384
891 794
711 15
911 761
882 635
575 556
544 208
636 590
992 270
736 584
538 498
800 441
777 630
748 423
144 61
993 456
666 350
248 129
782 616
789 404
343 202
950 470
597 536
600 500
656 70
859 340
384 281
814 795
709 207
771 548
361 226
695 157
243 194
831 461
999 161
618 410
867 325
684 33
394 339
608 267
369 313
360 68
252 82
750 465
570 187
717 56
994 927
863 544
960 787
831 48
450 77
512 240
380 270
218 209
901 450
914 494
947 700
985 369
968 609
716 455
612 48
354 256
431 388
677 508
746 580
648 206
578 19
655 405
754 368
863 22
601 35
696 329
293 197
946 305
178 135
269 92
259 90
478 338
960 509
814 264
635 317
999 820
624 42
828 188
539 51
291 218
386 250
779 625
268 250
595 505
614 439
462 128
358 113
915 229
548 1
785 433
953 695
861 70
439 144
936 190
870 838
603 563
305 212
989 290
793 79
667 546
797 623
580 257
194 21
304 12
675 111
567 5
456 215
811 607
978 196
947 507
798 363
677 600
629 621
280 84
465 168
893 40
807 376
591 417
579 489
617 62
896 604
185 74
519 213
650 4
100 83
617 207
946 943
104 22
712 341
731 83
697 231
665 577
947 619
929 52
768 374
521 130
427 419
436 147
661 614
956 602
848 179
777 121
568 82
697 306
365 356
520 469
887 483
355 210
344 97
402 257
839 205
761 464
430 339
434 174
805 397
296 147
776 157
818 776
411 354
880 81
629 378
989 216
278 246
64 14
525 143
563 100
925 917
657 31
793 751
938 512
577 320
649 627
814 151
746 585
908 232
875 334
897 601
878 798
960 231
799 342
768 720
605 131
515 167
755 554
737 11
775 745
377 330
979 50
652 116
525 450
604 349
607 602
833 177
735 244
395 114
954 239
721 680
576 341
923 696
945 928
824 719
931 149
935 709
907 108
660 300
826 20
849 157
290 226
689 308
928 748
746 303
985 811
945 531
877 163
939 61
650 56
308 100
474 140
369 82
479 380
951 14
484 316
730 411
797 217
321 128
938 17
922 456
670 488
303 129
530 327
921 732
826 682
791 684
387 186
728 372
599 435
969 590
930 732
776 42
481 292
703 497
598 265
431 146
967 444
805 417
572 428
834 403
912 297
658 197
577 435
600 76
781 9
620 119
914 490
719 333
704 58
856 108
547 468
235 160
861 236
607 408
828 475
371 352
957 697
540 455
961 889
987 570
913 691
628 312
851 27
690 423
537 488
276 260
277 45
813 43
466 150
941 648
880 648
866 29
721 660
172 68
764 558
585 421
955 279
686 421
889 543
765 180
987 230
806 670
465 240
975 247
747 742
533 431
792 103
557 345
798 93
621 550
110 85
740 244
356 253
983 432
554 368
699 633
995 286
691 569
734 633
265 200
555 102
795 535
542 352
307 177
398 24
909 101
517 46
994 333
902 600
959 921
997 220
397 352
331 228
95 71
995 77
728 336
946 443
640 518
643 489
140 67
807 682
297 165
893 283
902 344
606 224
700 381
991 569
635 272
397 211
329 229
457 440
938 585
826 468
249 62
782 766
913 893
643 20
311 162
481 147
174 110
710 108
412 152
415 384
637 617
876 403
736 262
220 111
662 114
248 96
324 221
714 325
898 73
499 81
870 64
727 457
709 206
844 781
324 108
419 304
992 478
637 603
263 131
914 681
989 511
537 230
812 453
663 610
299 183
693 491
967 764
536 426
920 9
205 1
850 822
669 402
485 273
87 61
989 641
846 826
722 508
299 85
542 19
673 192
780 668
346 24
733 668
999 398
214 19
806 503
887 137
815 527
855 798
718 11
772 306
366 313
759 418
727 431
783 82
648 207
910 448
653 578
798 629
503 273
397 388
577 168
842 352
800 137
606 333
739 108
387 3
559 217
800 248
268 262
767 346
911 732
906 903
866 121
973 819
867 304
757 339
672 290
606 111
753 649
936 119
776 448
689 609
838 2
896 773
988 443
537 533
511 382
828 44
757 114
505 305
684 563
888 366
816 507
874 321
837 91
193 9
848 817
352 59
889 772
747 354
305 203
948 907
667 549
634 560
873 280
582 432
756 67
594 98
522 391
979 740
233 10
996 524
628 133
591 307
884 303
464 210
689 271
357 105
512 256
713 385
508 11
716 544
879 500
955 460
974 472
977 20
299 32
636 271
543 333
488 103
622 334
659 448
896 30
437 434
534 512
812 354
285 254
218 3
915 155
811 26
835 144
618 544
569 28
274 128
812 811
288 44
455 80
921 124
294 86
497 346
445 218
916 533
920 592
99 75
800 38
971 644
866 315
578 231
971 816
511 221
506 186
970 333
916 875
723 527
959 695
709 544
781 147
734 397
883 853
130 20
393 151
964 906
377 56
784 776
396 70
904 833
700 404
979 391
505 348
810 711
653 187
692 679
987 721
605 130
571 286
419 29
387 277
776 730
338 87
780 2
504 403
729 606
549 459
920 389
102 23
874 52
577 461
732 186
552 304
662 149
653 494
736 44
662 260
920 163
775 31
465 122
928 894
413 250
769 66
864 832
797 660
967 638
972 734
624 460
890 819
191 10
